,avgcpu,labels
0,-0.4718747,-0.32235449274197236
1,-0.93237376,-0.9374501338923789
2,-0.8155161,-0.7588483339686511
3,-0.7653011,-0.7451276569970395
4,-0.45447212,-0.4314859075332673
5,-0.9441279,-0.9272528735148426
6,-0.8118504,-0.7896019239297704
7,-0.7683252,-0.7427398463933185
8,-0.463287,-0.42155453310247104
9,-0.9270489,-0.9293703446052601
10,-0.82192695,-0.7824272160754104
11,-0.7553129,-0.7430393853605388
12,-0.47401068,-0.3261537340167302
13,-0.93342197,-0.9316468295835093
14,-0.8188206,-0.7570610110078198
15,-0.76084304,-0.7363792093370269
16,-0.4562903,-0.226246094903374
17,-0.9383112,-0.7605314946992876
18,-0.81890905,-0.8105442724684571
19,-0.77365136,-0.7306028030245963
20,-0.4180354,-0.5225777662773662
21,-0.8974334,-0.7978446070244474
22,-0.86783147,-0.8706462721840984
23,-0.7598412,-0.5957627675345682
24,-0.51346314,-0.29983030194224725
25,-0.8440367,-0.8015135917685339
26,-0.8855572,-0.8851992331615002
27,-0.7151389,0.07492658741440228
28,-0.53841615,-0.5106586818373806
29,-0.8634175,-0.7893972262619591
30,-0.8989439,-0.8997812322849361
31,-0.7250304,-0.6345566117403557
32,-0.5570998,-0.5323285798969147
33,-0.84695697,-0.8083595903979205
34,-0.9780216,-0.8965416979200806
35,-0.49935952,-0.6241630039253455
36,-0.6572844,-0.43518822261495704
37,-0.8158207,-0.8172088091184185
38,-0.9171548,-0.888198693347997
39,-0.65917915,-0.629916415835022
40,-0.5562551,-0.5467259883513894
41,-0.8638474,-0.7942488279507602
42,-0.9135461,-0.9026139848711281
43,-0.6615075,-0.6388240487150274
44,-0.5753797,-0.5333578130887578
45,-0.84186685,-0.8055144634333881
46,-0.9163052,-0.9041376130877686
47,-0.66474307,-0.625183084722755
48,-0.569309,-0.43767302817494524
49,-0.8474604,-0.8123243650203696
50,-0.92011917,-0.8891647735595464
51,-0.6595398,-0.6333485867995678
52,-0.5562643,-0.5496119055283435
53,-0.8594719,-0.8014749572368512
54,-0.91880786,-0.8948561310405395
55,-0.6635169,-0.637448708104147
56,-0.57523024,-0.49654626716974903
57,-0.841643,-0.8091663834710725
58,-0.91261244,-0.9058100792496154
59,-0.6660538,-0.6145280615954443
60,-0.5622465,-0.4394806788705823
61,-0.8553581,-0.8173633081894358
62,-0.92025447,-0.8953757217456063
63,-0.66653156,-0.6328132329110928
64,-0.54472286,-0.5433359430919027
65,-0.85840225,-0.8009693553455836
66,-0.9228349,-0.9036859917429694
67,-0.66165054,-0.6328841747586206
68,-0.57186985,-0.5506073316634906
69,-0.8423885,-0.8073910776445646
70,-0.91847277,-0.9217272131772832
71,-0.6577884,-0.6184866499464861
72,-0.58040917,-0.4402220497838927
73,-0.8435589,-0.8198657223391722
74,-0.92763555,-0.9034884134526521
75,-0.6474409,-0.6323713362132918
76,-0.563766,-0.5542599153802265
77,-0.8592664,-0.8039210759362799
78,-0.92617977,-0.907750441439698
79,-0.6578244,-0.6371933812891658
80,-0.57561284,-0.53653384952099
81,-0.84129846,-0.7992197706976237
82,-0.91910636,-0.904807253425407
83,-0.6614984,-0.6236029316572216
84,-0.5723587,-0.3904099182097216
85,-0.8445929,-0.8078164910013317
86,-0.92215586,-0.9012192480336308
87,-0.65807235,-0.6252397499811205
88,-0.5556217,-0.5759663408341981
89,-0.8606794,-0.7782152434932238
90,-0.921123,-0.925360124304657
91,-0.65574104,-0.6219174971042174
92,-0.58896255,-0.5761730183517354
93,-0.82729995,-0.7869834566590346
94,-0.9335804,-0.9236817578038772
95,-0.64351285,-0.6053531365255226
96,-0.59683967,-0.4137367878502578
97,-0.82754946,-0.7982226039025949
98,-0.93505704,-0.912840182889071
99,-0.6359271,-0.6189720201426311
100,-0.57743126,-0.5566606309631451
101,-0.85153997,-0.7895437625979594
102,-0.9302262,-0.9209761341506671
103,-0.653023,-0.6196474509595861
104,-0.5820177,-0.5674782391667671
105,-0.8283385,-0.7918730773298808
106,-0.93457985,-0.9246040641819985
107,-0.6447365,-0.6068509759332906
108,-0.5932638,-0.45591649484759866
109,-0.83203423,-0.7971229566370331
110,-0.9343915,-0.9072875723139834
111,-0.6385628,-0.6164304294963333
112,-0.57612145,-0.564906969485214
113,-0.84763646,-0.7607392518537749
114,-0.9330077,-0.878426018958057
115,-0.6485871,-0.6182775587180865
116,-0.58881426,-0.552173770165039
117,-0.8261372,-0.7870340555858574
118,-0.9266012,-0.9292404010425359
119,-0.6560371,-0.6080463142808215
120,-0.58642685,-0.45364121045588957
121,-0.8312603,-0.8065393335685855
122,-0.93411016,-0.9181326688725892
123,-0.64103276,0.09381604438120372
124,-0.5685358,-0.5700249161434725
125,-0.84977293,-0.7946799606423994
126,-0.92213666,-0.9271451610926567
127,-0.71751666,-0.6155916538780746
128,-0.5683086,-0.5586102118800311
129,-0.8425709,-0.7806610283598885
130,-0.97936785,-0.9142353982873729
131,-0.4503652,-0.5997884272265395
132,-0.6950009,-0.5441599440981698
133,-0.7877759,-0.7140028127904089
134,-0.93930376,-0.9177955647620568
135,-0.64099705,-0.6075238509112224
136,-0.5885148,-0.9361574692397775
137,-0.8215418,-0.7758150869217146
138,-0.9399506,-0.927278218181519
139,-0.56407607,-0.620087115177508
140,-0.8430989,-0.5605509749943729
141,-0.72525156,-0.7880968679697693
142,-0.8661665,-0.9139668169355762
143,-0.5573963,-0.6025344464226247
144,-0.7974937,-0.5656741392097757
145,-0.81654096,-0.684368936448174
146,-0.8593514,-0.9080934649268618
147,-0.63707185,-0.6144192086999029
148,-0.5987656,-0.5299734965558055
149,-0.8178294,-0.7847113330084401
150,-0.93319094,-0.9272874151510859
151,-0.6586739,-0.6208284362996345
152,-0.57621515,-0.5652050621440847
153,-0.8261336,-0.7928125174315764
154,-0.94095755,-0.9179367906139025
155,-0.64436555,-0.6090776333351161
156,-0.5894711,-0.5753935352134496
157,-0.8308457,-0.6835577675212632
158,-0.93681014,-0.8948595553990483
159,-0.6368093,-0.6190530151027127
160,-0.60185254,-0.5680504108060286
161,-0.8161136,-0.7820144350994169
162,-0.93286777,-0.9202926719386132
163,-0.6584208,-0.6154581716560996
164,-0.59130037,-0.5626570126787258
165,-0.8160318,-0.7848924318220452
166,-0.9345211,-0.9087708534957349
167,-0.6422602,-0.5821536878525511
168,-0.5931525,-0.5680228908684004
169,-0.8297001,-0.6926329965463174
170,-0.9341186,-0.9159332264686774
171,-0.63331234,-0.6166400474309227
172,-0.60426724,-0.5674456381404612
173,-0.8193747,-0.788168331287134
174,-0.9331738,-0.933670702970823
175,-0.65037125,-0.619406080020559
176,-0.590186,-0.5318056596616888
177,-0.81952477,-0.7916050203877657
178,-0.94177234,-0.9108533675803779
179,-0.6452589,-0.6037918134285389
180,-0.57769334,-0.5739304661657283
181,-0.83513653,-0.6609580468007358
182,-0.9427471,-0.9170459589596097
183,-0.63724947,-0.605215242263317
184,-0.6012387,-0.5762933766417964
185,-0.81363165,-0.8075143657798615
186,-0.93740666,-0.8965487352645144
187,-0.6470139,-0.7221719419494204
188,-0.596089,-0.4560001118114392
189,-0.82517123,-0.8957283608989199
190,-0.9130111,-0.8020747386067005
191,-0.6986091,-0.7051667531477663
192,-0.5253689,-0.4573977862031795
193,-0.8964337,-0.7935187970082117
194,-0.88816106,-0.7977405267446062
195,-0.72337973,-0.7173769209476395
196,-0.49836284,-0.3891689885238345
197,-0.90083456,-0.9071148315556332
198,-0.84469736,-0.8055033397430904
199,-0.7485362,-0.7328612967020718
200,-0.48807532,-0.45453329652930186
201,-0.92005503,-0.8963898421658593
202,-0.8400966,-0.8176971048414131
203,-0.7447218,-0.7170291220711389
204,-0.49178106,-0.41569184025756
205,-0.90988004,-0.7995860092380452
206,-0.84329295,-0.7905719934176703
207,-0.7415787,-0.7194145842728433
208,-0.48820585,0.18197420168921075
209,-0.89861465,-0.890192697960408
210,-0.85678744,-0.779507834600205
211,-0.7254187,-0.733502677617096
212,-0.5337864,-0.4518932778813627
213,-0.9130297,-0.892330257746983
214,-0.8295944,-0.8119932792063921
215,-0.79642,-0.7185209585859427
216,-0.31775165,-0.405201278343152
217,-0.8991538,-0.8035207247249282
218,-0.8383424,0.5339296644510383
219,-0.7429364,-0.7020883553244045
220,-0.4870265,0.2948034889720328
221,-0.9141791,0.4260859343906125
222,-0.9014056,-0.7985036648612679
223,-0.6158375,-0.7249809992176496
224,-0.45289755,-0.4539521864137077
225,-0.7139579,-0.8963851055410743
226,-1.1725959,0.5032273806724503
227,-0.8501179,-0.7019637112188436
228,-0.3724414,-0.4483435731719052
229,-0.92972875,-0.8038371420252112
230,-0.8490019,-0.7893433052127239
231,-0.6466296,-0.7331938910231875
232,-0.502267,-0.46070153178058915
233,-0.8803741,-0.8993738960621097
234,-0.7175336,-0.8081335817477342
235,-0.80044913,-0.7483025245392433
236,-0.46504498,-0.4489180015162344
237,-0.91155434,-0.9125433382621334
238,-0.83590364,-0.8128105039672863
239,-0.7504896,-0.7238914408395284
240,-0.48932007,-0.4623659358283638
241,-0.92085123,-0.8226324368547618
242,-0.8374071,-0.7920551067904895
243,-0.7432792,-0.7456647750876381
244,-0.49812654,-0.4656987298820421
245,-0.9065739,-0.9096304449541213
246,-0.84058845,-0.8190284413144067
247,-0.7575499,-0.743406211289161
248,-0.49545524,-0.452391343459835
249,-0.91552377,-0.9285535312137521
250,-0.84030616,-0.8132450896037647
251,-0.74410796,-0.7364656882378874
252,-0.4912482,-0.4617588912939614
253,-0.9269228,-0.8190062256839461
254,-0.8349694,-0.8094081997304361
255,-0.7409198,-0.7487187837680304
256,-0.49616817,-0.40743263869086066
257,-0.9110286,-0.9068990329262451
258,-0.84174514,-0.8178210038877615
259,-0.76123095,-0.7465304820240911
260,-0.47733387,-0.4566725669989322
261,-0.9183185,-0.9209794438594582
262,-0.84499717,-0.8033695485871758
263,-0.7524748,-0.7400563332781017
264,-0.48640174,-0.4682027148162913
265,-0.9193208,-0.8182291708625188
266,-0.8345263,-0.806518056374752
267,-0.74431694,-0.7467743607952058
268,-0.49820969,-0.46427689077880774
269,-0.9100294,-0.9122859935438411
270,-0.8405775,-0.8071523156541939
271,-0.7569387,-0.7574918032003481
272,-0.49434468,-0.4598944713279751
273,-0.9170505,-0.9202195934959034
274,-0.8331202,-0.8049084423422204
275,-0.753788,-0.7332200792144536
276,-0.49072668,-0.4536543601212284
277,-0.9251778,-0.8124081015446475
278,-0.8294637,-0.7941014810696622
279,-0.75081825,-0.7444157610646465
280,-0.4924317,-0.45757489438736987
281,-0.91134477,-0.9164533754032334
282,-0.83836305,-0.8106835515038647
283,-0.7599578,-0.7104989872667171
284,-0.49154246,-0.4414034380468914
285,-0.91867435,-0.9166225338664352
286,-0.8381176,-0.8077263284617409
287,-0.73846936,-0.7312106883921544
288,-0.4944436,-0.4478978327338561
289,-0.92424154,-0.887245746537159
290,-0.8330755,-0.7134609124011467
291,-0.74211156,-0.7400628360555059
292,-0.4940047,-0.4605630544038539
293,-0.91336024,-0.9139528103828365
294,-0.83602,-0.8081588381940833
295,-0.75714874,-0.7437066359763561
296,-0.49579075,-0.44215125109551856
297,-0.927235,-0.9134687601784238
298,-0.82834136,-0.7969387469098582
299,-0.7447593,-0.7329279783212795
300,-0.48968422,-0.45005330943579636
301,-0.92342424,-0.918621270372983
302,-0.8323225,-0.6655363171942668
303,-0.74750364,-0.723928778347734
304,-0.49371672,-0.3132340254364687
305,-0.9247198,-0.7492183186898419
306,-0.8254448,-0.7978980543739781
307,-0.74944425,-0.7432503806547555
308,-0.47826618,-0.4213566408496179
309,-0.92243636,-0.8951347129238862
310,-0.84793234,-0.7925722701037922
311,-0.77041626,-0.7111533847574295
312,-0.4482305,-0.333195867142801
313,-0.9058603,-0.9120751251031722
314,-0.8385476,-0.6804493492524727
315,-0.7563065,-0.7499925005397037
316,-0.46835026,0.28303562667677573
317,-0.9243059,-0.9218282562470324
318,-0.82704854,-0.7859981297414516
319,-0.7536106,-0.7553024217733599
320,-0.5085921,-0.4243152743109684
321,-0.9070562,-0.9283419265051742
322,-0.8171437,-0.7667487310169241
323,-0.8030423,-0.7136551915514688
324,-0.2158421,-0.4491844940541876
325,-0.90452564,-0.9423423975758632
326,-0.81529105,-0.669992856071601
327,-0.75424147,-0.75602970913625
328,-0.49280956,-0.43131277243582966
329,-0.94384813,-0.9266473689382784
330,-0.7927549,-0.7943447919820855
331,-0.7682222,-0.7641282533725748
332,-0.48172456,-0.4261624476474837
333,-0.9447795,-0.9322064524482967
334,-0.81841266,-0.7853899817340001
335,-0.7597431,-0.7099398455102078
336,-0.46483645,-0.4280985832503905
337,-0.9337816,-0.9365990799527465
338,-0.819659,-0.664590552503111
339,-0.7593708,-0.7515448452975485
340,-0.48122567,-0.4328194759425861
341,-0.93649936,-0.9267452884202976
342,-0.8111454,-0.7813021710449918
343,-0.7660347,-0.7594893814106913
344,-0.47776464,-0.4255011393551036
345,-0.943372,-0.9395999242810299
346,-0.8123442,-0.7942574369641362
347,-0.7598289,-0.7495530509025273
348,-0.46843123,-0.4322555846673597
349,-0.93677783,-0.9354595837619026
350,-0.8228977,-0.6659529142091627
351,-0.757012,-0.7546699924626779
352,-0.47423083,-0.4866867551742313
353,-0.93271077,-0.868932911707117
354,-0.81934035,-0.9017670759510321
355,-0.76010954,-0.6468617860983259
356,-0.50064075,-0.5440863528465489
357,-0.9185151,-0.8093946467560417
358,-0.87077,-0.8932998785064323
359,-0.69842577,-0.6292192916767336
360,-0.54434925,-0.5459421643516382
361,-0.86970556,-0.8219477288203193
362,-0.9074837,-0.777619595152467
363,-0.65554035,-0.6287313699195333
364,-0.5786929,-0.5449508735011555
365,-0.85135436,-0.8069963403032678
366,-0.906901,-0.9061875069042924
367,-0.66810864,-0.6381398847979693
368,-0.57970107,-0.543183768973416
369,-0.856146,-0.8192560386074322
370,-0.9008508,-0.8960560729285207
371,-0.6552408,-0.6272403798032778
372,-0.5754343,-0.546750341458507
373,-0.8521751,-0.8089823162154026
374,-0.9161118,-0.7839078837233431
375,-0.6533164,-0.6098501478490502
376,-0.58144265,-0.556870833818748
377,-0.8456608,-0.8003945432627683
378,-0.9137794,-0.9090526174955651
379,-0.65744257,-0.6477365720673417
380,-0.5936053,-0.5437665490989052
381,-0.8476212,-0.8219643995646083
382,-0.90136015,-0.9046061863402409
383,-0.6596273,-0.631347757239114
384,-0.57141256,-0.5418775640568366
385,-0.85282874,-0.8242931364994728
386,-0.91668344,-0.7846205678339678
387,-0.65614283,-0.6367104787857165
388,-0.5757358,-0.5511894237300167
389,-0.85139,-0.786020634622885
390,-0.9124851,-0.8975430501500997
391,-0.6709651,-0.6446281903213127
392,-0.5770447,-0.542058441383681
393,-0.8556372,-0.8068428996062671
394,-0.89729285,-0.8912115283375016
395,-0.6632314,-0.6275747162029124
396,-0.5726623,-0.5395177282443903
397,-0.8474618,-0.8163317671009725
398,-0.9135797,-0.7772539119359275
399,-0.65906537,0.6625654648172095
400,-0.5771352,-0.5278794995540853
401,-0.84999895,-0.7920149723016489
402,-0.90661895,-0.8433440413839681
403,-0.76176095,-0.5777810227643732
404,-0.4698709,-0.534890383683708
405,-0.85695326,-0.8179665967012253
406,-0.9419353,-0.907487631139657
407,-0.6140315,-0.6240028318604385
408,-0.5799217,-0.5478192564242251
409,-0.88949597,-0.818260785879546
410,-0.91063404,-0.7811954897251419
411,-0.6412138,-0.6402785391815496
412,-0.5829294,-0.35492163231858775
413,-0.8451345,-0.2836043261625625
414,-0.91428435,-0.8940417423773033
415,-0.67447495,-0.6334984744299826
416,-0.55296713,-0.5378564677797155
417,-0.8639542,-0.8025953633355333
418,-0.8752215,-0.8978549343146514
419,-0.69484264,-0.62746088034527
420,-0.55825734,-0.5449798000300566
421,-0.8260298,-0.8215856919129186
422,-0.9279238,-0.777591504193346
423,-0.6452799,-0.6437644523817656
424,-0.5790461,-0.5426053052466919
425,-0.8494102,-0.802663021293218
426,-0.9078318,-0.910661288118192
427,-0.6767839,-0.6483505423774041
428,-0.57166505,-0.5495927283195053
429,-0.85502636,-0.8073358009635165
430,-0.90277374,-0.9102902745000722
431,-0.6611823,-0.6299448837358163
432,-0.57420564,-0.5497075529746894
433,-0.8451381,-0.8181602337761987
434,-0.9207717,-0.7891820393803135
435,-0.6570081,-0.6399519250962957
436,-0.5793146,-0.5607190842809082
437,-0.8458173,-0.8129619399321251
438,-0.91605663,-0.9053878198291155
439,-0.67048764,-0.6495158895331594
440,-0.58085155,-0.5381119776233286
441,-0.85328937,-0.8249306225228029
442,-0.89785635,-0.897448448597189
443,-0.6628791,-0.7150632498371619
444,-0.5688703,-0.5422410863139391
445,-0.8567563,-0.8218103524981272
446,-0.8993536,-0.8475647492654731
447,-0.7049477,-0.5454252265425565
448,-0.54458666,-0.5451276184100304
449,-0.85368,-0.810774189157339
450,-0.8981911,-0.8782527807885034
451,-0.6989903,-0.6507021852001463
452,-0.5743599,-0.5344853766111392
453,-0.8566109,-0.812463992197722
454,-0.89066947,-0.8692338398000387
455,-0.6641648,-0.7006649626669862
456,-0.5695541,-0.5315770453150929
457,-0.8554877,-0.8294716416173088
458,-0.88740647,-0.8776278405145217
459,-0.70630455,-0.5206046012304599
460,-0.54614735,-0.5343353541905622
461,-0.8645097,-0.8132947553209102
462,-0.888034,-0.852065301153264
463,-0.68366444,-0.6185488177749985
464,-0.57669246,-0.5338643767801409
465,-0.86260366,-0.7952318251810753
466,-0.89852285,-0.8926249648936507
467,-0.6476456,-0.6230164059710492
468,-0.5822675,-0.5364362045721652
469,-0.84880733,-0.8457264915999846
470,-0.90872717,-0.8814374103118964
471,-0.65526795,-0.5247872035955747
472,-0.5747622,-0.4561105770250664
473,-0.86607265,-0.8046668641211023
474,-0.9047078,-0.9098307459228817
475,-0.6340879,-0.6431906426369797
476,-0.57944274,-0.5349182781512899
477,-0.8714905,-0.8107644592993284
478,-0.9116765,-0.8968328222503292
479,-0.657982,-0.62327741179625
480,-0.5635123,-0.5488686788467099
481,-0.8420687,-0.9485605372821121
482,-0.92297554,-0.8879279227416128
483,-0.65534914,-0.6109707686694311
484,-0.5698155,-0.46494330206982726
485,-0.90972614,-0.8046247898061614
486,-0.8854017,-0.8937618986071779
487,-0.6183549,-0.6503126992988525
488,-0.57009834,-0.5330958043483579
489,-0.9113761,-0.8197247641892393
490,-0.8851609,-0.8902387564158906
491,-0.6650995,-0.6175016377839868
492,-0.5607219,-0.546630129768643
493,-0.85270846,-0.8237274814861277
494,-0.90944684,-0.8796189118581307
495,-0.6585923,-0.485346369452345
496,-0.58091676,-0.5376787887792459
497,-0.8578851,-0.7947052591340921
498,-0.90586865,-0.9047672406872098
499,-0.6293054,-0.6497830296603911
500,-0.6046747,-0.5383473727591658
501,-0.85664475,-0.8194689296988537
502,-0.9103248,-0.8850934007470062
503,-0.65465105,-0.6226934581297712
504,-0.56663716,-0.544511056986991
505,-0.8492712,-0.8244090216535841
506,-0.9151963,-0.8875971810846949
507,-0.6591681,-0.5244891260107855
508,-0.5776731,-0.5250991789682645
509,-0.8592379,0.014622148054352913
510,-0.90504265,-0.886222760869659
511,-0.6367085,-0.657042754610997
512,-0.6227833,-0.5230942717347847
513,-0.8828062,-0.8132715354584525
514,-0.77858984,-0.8906613894638572
515,-0.6198829,-0.7991532574882522
516,-0.5209875,-0.36163338553995006
517,-0.86199963,-0.8274191151667557
518,-0.8966036,-0.7146050437126222
519,-0.74601924,0.525147099337202
520,-0.48554358,-0.4375376616957063
521,-0.87317073,-0.9087736299014798
522,-0.9169922,-0.7830307299119307
523,-0.81570435,-0.9054014783118812
524,-0.44105148,-0.2625576924102264
525,-0.92261755,-0.9366302114818319
526,-0.79822814,-0.7796806128779231
527,-0.8087075,-0.7448747411015173
528,-0.30370006,-0.4288297658605267
529,-0.9877062,-0.946048193819355
530,-0.8007904,-0.782445243646229
531,-0.86806655,-0.7433208711670467
532,-0.40885603,-0.3455840613522525
533,-0.9372004,-0.928755802768661
534,-0.81569004,-0.7886529818664894
535,-0.7566228,-0.7615927095136295
536,-0.46073943,-0.41898865648770434
537,-0.93895566,-0.9333637792889292
538,-0.81981575,-0.7927694127277489
539,-0.7727066,-0.7348051231146275
540,-0.44785917,-0.4402293417964651
541,-0.92789066,-0.9339744498367234
542,-0.8233483,-0.803589455083188
543,-0.7575244,-0.6195363456744324
544,-0.4812913,-0.46061285117423223
545,-0.9311458,-0.9014632542037672
546,-0.82936335,-0.8126175278560401
547,-0.72260606,-0.7417849322232253
548,-0.51648563,-0.45283041993024775
549,-0.92751217,-0.8941997516340912
550,-0.8248887,-0.8103652971355199
551,-0.73940253,-0.7187981284000784
552,-0.49689102,-0.4610112456859763
553,-0.9117222,-0.9176382136724245
554,-0.8396721,-0.7977903729841657
555,-0.74362445,-0.6817937549279778
556,-0.5005543,-0.4179441627043321
557,-0.92240846,-0.9053978163229727
558,-0.8346845,-0.8190574645801955
559,-0.7271476,-0.7481675322443124
560,-0.501996,-0.45778145515889657
561,-0.92148185,-0.9170438383591545
562,-0.83550346,-0.8042536894302084
563,-0.7481593,-0.9015371668725739
564,-0.48915696,-0.4209716983830223
565,-0.91704726,-0.9193295949899357
566,-0.80305576,-0.7897500961245195
567,-0.84278107,-0.8021117435086986
568,-0.40049362,-0.2672987216311138
569,-0.92969465,-0.8884122511888274
570,-0.8086066,-0.8047950497463358
571,-0.84907615,-0.7416750390112613
572,-0.41663352,-0.4431222222623543
573,-0.92754483,-0.9086776664265376
574,-0.834676,-0.803340637925778
575,-0.80165005,-0.8946330146763133
576,-0.44431347,-0.40034772979837374
577,-0.91305447,-0.9158939425767296
578,-0.80220747,-0.8001714115082205
579,-0.84323573,-0.7946368241044118
580,-0.39218026,-0.2786794975457558
581,-0.9290738,-0.8997423479113544
582,-0.8131858,-0.8079645002087773
583,-0.85041475,-0.9148356493826623
584,-0.40346208,-0.26052567652706116
585,-0.92752063,-0.9027922312022234
586,-0.81052816,-0.8022142387659802
587,-0.87970126,-0.8986883945961276
588,-0.32534817,-0.2718475517472154
589,-0.921702,-0.9117898328145642
590,-0.80811846,-0.7491115504869554
591,-0.9018105,-0.6008246651322118
592,-0.32979733,-0.27182562841745606
593,-0.9279022,-0.7396416922810104
594,-0.81503856,-0.7994902647921923
595,-0.8729036,-0.913877549582488
596,-0.37680835,-0.23864810774596368
597,-0.8930962,-0.8942482969569062
598,-0.81158316,-0.7843915421112144
599,-0.89788556,-0.8337164971550359
600,-0.30946326,-0.1897342862414051
601,-0.9185339,-0.8949421795061434
602,-0.80364466,-0.7859311999366667
603,-0.91679466,-0.7976766868719117
604,-0.32784545,-0.2717166013764729
605,-0.9255823,-0.49712750559803087
606,-0.8180493,-0.476883079608873
607,-0.8543576,-0.8626339054307375
608,-0.3688552,-0.3166291051728982
609,-0.82983553,-0.91143509957687
610,-0.90383375,-0.8055895513268462
611,-0.8455852,-0.899140172851686
612,-0.3562217,-0.256808261252518
613,-0.93314624,-0.9112888090352029
614,-0.7759682,-0.7956866838789357
615,-0.86504996,-0.7535163033734407
616,-0.33173385,-0.32214782190971114
617,-0.92833793,-0.8927287413937954
618,-0.8123183,-0.8063803987151263
619,-0.8777689,-0.9122508359722604
620,-0.3733936,-0.26027151704464524
621,-0.9196663,-0.9063044205424354
622,-0.80666006,-0.8122589873978588
623,-0.86636555,-0.8169854240944737
624,-0.33906764,-0.36028122690446107
625,-0.9226397,-0.9206760915519014
626,-0.81672215,-0.7973148812329321
627,-0.8851106,-0.9044302549933584
628,-0.36805663,-0.16605995082724267
629,-0.9266081,-0.8795218216535442
630,-0.80575156,-0.784450468469942
631,-0.8486779,-0.9098117128018725
632,-0.37919426,-0.2559804622860973
633,-0.92871404,-0.9117498852592754
634,-0.81427157,-0.8058835796636518
635,-0.9078039,-0.8998587173802601
636,-0.31957877,-0.2741478003802229
637,-0.9289206,-0.916321329544239
638,-0.80672455,-0.7931187101562115
639,-0.89466023,-0.91247993986187
640,-0.3283667,-0.1693392490563912
641,-0.9300033,-0.8967019496617478
642,-0.8041686,-0.8130666096858731
643,-0.88998044,-0.9073933073148042
644,-0.33345473,-0.19683656148677064
645,-0.92571354,-0.9091043507592933
646,-0.81829226,-0.7904706939195734
647,-0.9056524,-0.8936945576951804
648,-0.30323973,-0.26568273666859343
649,-0.92696977,-0.9159939764203469
650,-0.8087375,-0.7937194917070265
651,-0.9011508,-0.9091203898810821
652,-0.32663822,-0.15931767178111111
653,-0.9309586,-0.9009444762476184
654,-0.80103934,-0.8053654741636093
655,-0.88814974,-0.9178757165308745
656,-0.33208308,-0.263832332492004
657,-0.92681706,-0.9037140002448871
658,-0.8126011,-0.7911996311120834
659,-0.90643084,-0.892155504463789
660,-0.31516498,-0.27107303742317335
661,-0.9263381,-0.9164200694525757
662,-0.8013748,-0.7854318136852178
663,-0.90394163,-0.9077898353221822
664,-0.33091646,-0.16309565507168156
665,-0.9327253,-0.8891028776531186
666,-0.79927456,-0.8047309107484306
667,-0.888813,-0.919479550181127
668,-0.33473736,-0.2637808158244155
669,-0.9251882,-0.9071852056237963
670,-0.8145963,-0.8092518012789905
671,-0.90663505,-0.8984892320545192
672,-0.31438804,-0.28343558332579843
673,-0.9266199,-0.907960435216224
674,-0.80632365,-0.7934089658707928
675,-0.9009528,-0.9056970081465764
676,-0.3310334,-0.18899452070744505
677,-0.927009,-0.8714806781541945
678,-0.80850077,-0.8078654648684271
679,-0.88741314,-0.9130589889028295
680,-0.33564505,-0.28896094347522583
681,-0.91984355,-0.8800071133368049
682,-0.8196523,-0.8022810062012196
683,-0.9030907,-0.9020882046382368
684,-0.3304178,-0.26708907747369626
685,-0.91577697,-0.8546294887843814
686,-0.80700326,-0.9100815315210191
687,-0.905324,-0.8072590663567935
688,-0.33380795,-0.35009796574883034
689,-0.8993751,-0.6976482250011422
690,-0.8696066,-0.918439638384667
691,-0.8619096,-0.7316551944850836
692,-0.36968216,-0.46378076303004634
693,-0.8494251,-0.7129697503921312
694,-0.91903925,-0.9061481349871103
695,-0.799608,-0.7766069736270635
696,-0.49498692,-0.4208039619681383
697,-0.7998477,-0.7015415814449876
698,-0.92094564,-0.9067889765772114
699,-0.7918321,-0.7900268778191059
700,-0.48876548,-0.399386895001421
701,-0.7999598,-0.667922825283072
702,-0.9151964,-0.19833783312669495
703,-0.81854,-0.809901552207171
704,-0.47366977,-0.5081540782731944
705,-0.8100798,-0.664674722494186
706,-0.9310417,-0.9234338689015507
707,-0.780915,-0.7811904148610911
708,-0.5153363,-0.5264096293439432
709,-0.6553215,-0.6664192101707037
710,-0.93751276,-0.9024260023728841
711,-0.8467655,-0.8001491062767877
712,-0.511145,-0.42734518394385934
713,-0.729921,-0.6270392289998771
714,-0.92214036,-0.922252177326385
715,-0.8095566,-0.8040309614942893
716,-0.5263982,-0.5349820369860864
717,-0.73657775,-0.646422438276549
718,-0.92790174,-0.9157979500229941
719,-0.820681,-0.7832757895587271
720,-0.5468567,-0.5494576797288646
721,-0.7188567,-0.618775254778883
722,-0.9166616,-0.9067975045608504
723,-0.81019914,-0.8074273650235938
724,-0.5725912,-0.4558570167846794
725,-0.69263935,-0.5973340800846588
726,-0.92072964,-0.9207066689536847
727,-0.8221487,-0.8008388751220603
728,-0.55493593,-0.5989485877953034
729,-0.69387245,-0.5669191164303009
730,-0.92697203,-0.9299364349388328
731,-0.8192518,-0.779691531688521
732,-0.60618556,-0.6090249989200628
733,-0.6415768,-0.5654588486722543
734,-0.92780674,-0.891842122978146
735,-0.81394553,-0.7976268784156817
736,-0.63029623,-0.4833876823009091
737,-0.61875796,-0.5326163694446466
738,-0.92884254,-0.9174438475484619
739,-0.82236433,-0.8023172470942601
740,-0.61104995,-0.6287825153588045
741,-0.62726235,-0.5432520023561249
742,-0.92955625,-0.9000854087964713
743,-0.82733333,-0.7525537004413748
744,-0.6384609,-0.6474211807243183
745,-0.60098827,-0.5367006437022888
746,-0.91672444,-0.9087875071841497
747,-0.82128716,-0.7946204219581687
748,-0.67111695,-0.5652758585624198
749,-0.58176756,-0.4995903234811957
750,-0.92664707,-0.9210131798894265
751,-0.8201103,-0.7990416269016073
752,-0.6507319,-0.6786201085310105
753,-0.5859654,-0.4914377356167121
754,-0.9318559,-0.9091771573498951
755,-0.8201761,-0.7947392304910541
756,-0.68930364,-0.7453610723004039
757,-0.5460751,-0.45952127591371816
758,-0.9218328,-0.8815646258537846
759,-0.8157507,-0.8206989692627839
760,-0.74548686,-0.7218780687636667
761,-0.50212187,-0.34113807050455036
762,-0.9160123,-0.8935229200015933
763,-0.84372425,-0.8211049325476648
764,-0.7440531,-0.6939390245414974
765,-0.48587227,-0.4550818402143748
766,-0.91775155,-0.8949185822255142
767,-0.8509878,-0.8154415351938865
768,-0.7370398,-0.7247704620422184
769,-0.4968883,-0.4525192961660969
770,-0.9043716,-0.8839753423986717
771,-0.8409265,-0.8021131009390066
772,-0.73774695,-0.7239707019691713
773,-0.50027215,-0.33280278377635186
774,-0.90834117,-0.8962419526486956
775,-0.8413435,-0.8218553107755335
776,-0.74448335,-0.72153177564357
777,-0.48537934,-0.45174448278528834
778,-0.919459,-0.8084175879822071
779,-0.8487984,-0.8078542898218726
780,-0.7445202,-0.728176874917731
781,-0.4869673,-0.4577715301272025
782,-0.88925683,-0.8928756252162182
783,-0.8544545,-0.8231271547869179
784,-0.75001323,-0.0846646773880615
785,-0.4972456,-0.3091272616909828
786,-0.90661573,-0.9022924780257896
787,-0.85642266,-0.8199626501356667
788,-0.7365998,-0.7240404821792524
789,-0.5086825,-0.4612183442728748
790,-0.93645823,-0.8882267040023233
791,-0.8638303,-0.8050362645530498
792,-0.73224795,-0.7252630053330192
793,-0.5008248,-0.45849592068987
794,-0.9110788,-0.8727802525254031
795,-0.84265304,-0.8167562544493533
796,-0.7409061,-0.7278063740479203
797,-0.5028322,-0.3253727797425221
798,-0.9058578,-0.2957418365331481
799,-0.84508395,-0.6739400896885103
800,-0.74334335,0.6020240965781802
801,-0.4993799,-0.4388599202486978
802,-0.8472189,-0.8870846722634268
803,-0.87087214,-0.7982015274553973
804,-0.7674241,-0.6941404754434959
805,-0.5648988,-0.4550459045766131
806,-0.92336273,-0.869305022446483
807,-0.86330926,-0.8194710007973691
808,-0.72305894,-0.7210333576093082
809,-0.4326076,-0.3288176635782265
810,-0.94691753,-0.8825498759691929
811,-0.8458159,-0.8279885738378034
812,-0.73766303,-0.7158733433824893
813,-0.48771203,-0.4621647303876739
814,-0.91122377,-0.895025442732433
815,-0.8563628,-0.806847554681176
816,-0.74193513,-0.6928795850963528
817,-0.4934719,-0.47390112236063353
818,-0.900535,-0.8928944680200105
819,-0.850422,-0.8305962271551038
820,-0.72175837,-0.7368608940732537
821,-0.51802826,-0.346135036842697
822,-0.9091464,-0.900159380442621
823,-0.84301674,-0.8356504852234562
824,-0.7370167,-0.7261940625358434
825,-0.4890167,-0.46324222050012986
826,-0.9184749,-0.905804344433992
827,-0.8545753,-0.8069898014517591
828,-0.74389017,-0.7357285521440018
829,-0.490503,-0.4782638374439254
830,-0.90457916,-0.8876285440801902
831,-0.84711194,-0.8276938959946649
832,-0.73918724,-0.7300053456169464
833,-0.505236,-0.338133610473061
834,-0.91082096,-0.9055224010745911
835,-0.8454803,-0.8288468594012227
836,-0.7354981,-0.7201330363329749
837,-0.4921834,-0.46610949111469213
838,-0.9232427,-0.9043378491735798
839,-0.8507148,-0.8169396146360991
840,-0.7395966,-0.724467096574498
841,-0.4942914,-0.47499062715910867
842,-0.90552306,-0.8821185871117269
843,-0.8442148,-0.8310760848979203
844,-0.73282516,-0.735615845653795
845,-0.50918055,-0.35509162775120284
846,-0.9087156,-0.9080040128333896
847,-0.84712505,-0.8342941281984385
848,-0.73977566,-0.7182260729668218
849,-0.4887247,-0.47403258981051666
850,-0.9214823,-0.9012617918555471
851,-0.853032,-0.8565672794427744
852,-0.73816085,-0.6656239662991195
853,-0.49798703,-0.5758606296374064
854,-0.90162957,-0.7723765063694732
855,-0.86325717,-0.9309304561255034
856,-0.69207895,-0.5710008959828795
857,-0.56504273,-0.446276995071456
858,-0.8747108,-0.7852073533259656
859,-0.90716517,-0.9348891621137774
860,-0.6481004,-0.5919453675195786
861,-0.57453895,-0.5797925603710383
862,-0.8397955,-0.7796007634776346
863,-0.9436151,-0.9149033879426721
864,-0.6273035,-0.6066681371341572
865,-0.6064215,-0.5792509942052414
866,-0.8160888,-0.7749219615730196
867,-0.94561744,-0.9382481076900065
868,-0.6348462,-0.6081299640550977
869,-0.6041083,-0.4573375912557873
870,-0.82021403,-0.7713792548197497
871,-0.94160247,-0.9329349636696666
872,-0.6358526,-0.6037452592544111
873,-0.5797759,-0.5749845281803474
874,-0.833086,-0.7883829774015573
875,-0.9480654,-0.9221223958307043
876,-0.6414138,-0.6075521762218693
877,-0.5978483,-0.5763416163689085
878,-0.8224772,-0.759750551855593
879,-0.9432776,-0.917748853536458
880,-0.63384223,-0.482293449324124
881,-0.6025585,-0.2699455456784561
882,-0.8227416,-0.7594830633527051
883,-0.935114,-0.932924831814092
884,-0.6224278,-0.5769833159940715
885,-0.596166,-0.5199278538639186
886,-0.8407208,-0.7643546347880839
887,-0.9412229,-0.8921300397907845
888,-0.638257,-0.5061272512650035
889,-0.5736805,-0.5628150559160163
890,-0.80966187,-0.7722358663776202
891,-0.96294224,-0.9341235795721063
892,-0.61496174,-0.6167159681704836
893,-0.62004626,-0.45289706360710213
894,-0.82240736,-0.782527644763764
895,-0.9389038,-0.21529320801475782
896,-0.6339604,-0.6088909813418284
897,-0.5688164,-0.569748501182936
898,-0.8514986,-0.7812957443200809
899,-0.92319584,-0.9020164758618933
900,-0.68380713,-0.5968987688102565
901,-0.5746337,-0.5719622305541496
902,-0.8094109,-0.7744341034932637
903,-0.93150675,-0.9329168872944154
904,-0.6040237,-0.6062627702161871
905,-0.63175803,-0.4453272055356805
906,-0.8227204,-0.7831486899095355
907,-0.93850195,-0.9223226327778529
908,-0.635851,-0.5892488174577928
909,-0.5764791,-0.5712829460198556
910,-0.8396189,-0.7756882909668694
911,-0.94540715,-0.9126503480849002
912,-0.6334137,-0.5956129713925313
913,-0.6034266,-0.5795194459249873
914,-0.8194767,-0.7700999040188711
915,-0.9409379,-0.9309230740509195
916,-0.62908125,-0.6116849777916619
917,-0.610816,-0.5592395005013406
918,-0.818653,-0.6818671009819218
919,-0.93825495,-0.9374554062812154
920,-0.64065146,-0.5995328642649604
921,-0.59378755,-0.5772198705607263
922,-0.8039415,-0.7894530702817257
923,-0.95518804,-0.9214549017550704
924,-0.64447665,-0.6084795709876288
925,-0.5994523,-0.6302202486112404
926,-0.8157989,-0.7638874014951502
927,-0.9474907,-0.9047345741103793
928,-0.6212958,-0.5979263987747684
929,-0.6313015,-0.5522560867693778
930,-0.81245327,-0.6706748255978475
931,-0.92952514,-0.925480633597877
932,-0.62444156,-0.5980706530715859
933,-0.61844206,-0.5742911009770264
934,-0.8066211,-0.78259820882738
935,-0.9379089,-0.9155026557713168
936,-0.6451403,-0.5949521268072845
937,-0.5994923,-0.9367036463391619
938,-0.81383955,-0.7737019593614627
939,-0.94454503,-0.9259782915769141
940,-0.5493685,-0.6185144361350775
941,-0.8355447,-0.5687127492406728
942,-0.746349,-0.6759008521211061
943,-0.86498344,-0.9343458845472293
944,-0.55279166,-0.5961152539326074
945,-0.80566907,-0.5718401447821575
946,-0.80155873,-0.7752834925957632
947,-0.8659383,-0.9086312063120666
948,-0.6474589,-0.6102747810649797
949,-0.5985913,-0.5755623312493714
950,-0.8090638,-0.7688487188868902
951,-0.948285,-0.9259900638591634
952,-0.6387191,-0.6011103911052318
953,-0.6008371,-0.5535442435510044
954,-0.8196031,-0.6757472754314652
955,-0.937999,-0.9186799585183674
956,-0.63829875,-0.5979607156394738
957,-0.5951894,-0.5656727450646973
958,-0.8065866,-0.76761936847777
959,-0.94892776,-0.9149893154907226
960,-0.6480653,-0.5979848318287979
961,-0.59775907,-0.5719866350595729
962,-0.8102392,-0.7750529808872713
963,-0.9428922,-0.9388581445647393
964,-0.63309395,-0.6134039648183656
965,-0.60528207,-0.5617571132915499
966,-0.8202909,-0.681147559284049
967,-0.94250786,-0.9246873492339542
968,-0.63934743,-0.605111516871414
969,-0.5929388,-0.5724048242113828
970,-0.80454993,-0.7929124464751068
971,-0.9544095,-0.9097699578598948
972,-0.65044975,-0.6250197798191253
973,-0.59436285,-0.5470584004340402
974,-0.82035697,-0.791302211283133
975,-0.9363384,-0.8986048867259667
976,-0.6487448,-0.6246261632825085
977,-0.5811796,-0.48723436654494146
978,-0.83813,-0.687400311510961
979,-0.92315924,-0.8624651366472934
980,-0.65962136,-0.6030856244952509
981,-0.5629838,-0.5441551415276153
982,-0.8334129,-0.8094226246229548
983,-0.9302509,-0.8901503769539666
984,-0.66671264,-0.6338302050871001
985,-0.58061296,-0.5516863468021953
986,-0.8404919,-0.7987879511524403
987,-0.91067266,-0.9031866252883458
988,-0.65115535,-0.6419506673133611
989,-0.5837004,-0.5317860857650589
990,-0.84315586,-0.6800304628126693
991,-0.9140278,-0.1015659713444963
992,-0.66715664,-0.6273890392600081
993,-0.5691051,-0.5610408462743895
994,-0.8473456,-0.8121499811256373
995,-0.92215073,-0.892279563498507
996,-0.679834,-0.6399386757291611
997,-0.55685604,-0.5505818831783691
998,-0.8253516,-0.8068559942541377
999,-0.9148202,-0.8970074285922681
1000,-0.64423096,-0.6394641319119322
1001,-0.60040426,-0.5235591156330373
1002,-0.84857845,-0.7036040300821148
1003,-0.9097599,-0.8939564898693942
1004,-0.6669661,-0.6305584146282927
1005,-0.5662664,-0.4934375542640148
1006,-0.83694816,-0.8142269639407425
1007,-0.92210174,-0.882569145555737
1008,-0.6810745,-0.6440502695525325
1009,-0.5493912,-0.5448507218896188
1010,-0.85124385,-0.8090543538888332
1011,-0.91694415,-0.8987560468667856
1012,-0.6655091,-0.6342826636693456
1013,-0.57229817,-0.5256137123527997
1014,-0.84842014,-0.7107062195967189
1015,-0.9121947,-0.892721606000994
1016,-0.663751,-0.6582903788288158
1017,-0.56790423,-0.5160523280015078
1018,-0.8385006,-0.9318747554843385
1019,-0.9173298,-0.7511605734600965
1020,-0.69179606,-0.7532269894329879
1021,-0.5380361,0.08562387407027727
1022,-0.8939707,1.9106960073846149
1023,-0.8792201,0.3177615544984318
1024,-0.70079243,0.034405219925901065
1025,-0.62011284,-0.27494265411930296
1026,-0.8469353,-0.6715639869894052
1027,-0.7558696,-0.6468316855831348
1028,-0.48700824,-0.5996158508861817
1029,-0.8428012,-0.2944389810125754
1030,-0.72055113,-0.792031751504136
1031,-1.032701,-0.5880355505348486
1032,-0.8572061,-0.6228721635345484
1033,-0.4567217,-0.2953306814250505
1034,-0.909693,-0.7627764854393193
1035,-0.78942597,-0.6391644119098159
1036,-0.7584679,-0.6168045077775006
1037,-0.48235366,-0.28637295596820533
1038,-0.8924179,-0.6689499482193585
1039,-0.79529905,-0.6578698266426313
1040,-0.754181,-0.6066019108626065
1041,-0.48118046,-0.29695103197898987
1042,-0.8626337,-0.7925851117329908
1043,-0.82330704,-0.5336201559036754
1044,-0.75730765,-0.6181476059554006
1045,-0.48187664,-0.24040488493024292
1046,-0.8845608,-0.7885948043630914
1047,-0.8011435,-0.6511504805349856
1048,-0.75967705,-0.6274564168365273
1049,-0.47385633,-0.280679295773121
1050,-0.90245414,-0.673874002024136
1051,-0.7941569,-0.6584079706939374
1052,-0.75175416,-0.6128654196150045
1053,-0.47266555,-0.2911391188322785
1054,-0.8670223,-0.7893093974003589
1055,-0.8223481,-0.6365888861931364
1056,-0.7603407,-0.6120364861663221
1057,-0.47742745,-0.22954800339555392
1058,-0.88886523,-0.7734849937368052
1059,-0.7980571,-0.6378892092704483
1060,-0.7535783,-0.6129621483131875
1061,-0.4776201,-0.28864232778555077
1062,-0.8896555,-0.7110926698767573
1063,-0.7948216,-0.6224494415633242
1064,-0.7574512,-0.6016065379361
1065,-0.48046976,-0.2833555495214424
1066,-0.87380147,-0.7963854921365302
1067,-0.79830706,-0.6423002184545031
1068,-0.75939894,-0.6099920694959623
1069,-0.48337838,-0.3009532558754997
1070,-0.8959613,-0.7809315021150118
1071,-0.7944274,-0.6452479649607284
1072,-0.7418262,-0.61818125262311
1073,-0.49009302,-0.27951062682646466
1074,-0.8893956,-0.7953336602471981
1075,-0.79436564,-0.5273739385810405
1076,-0.75574756,-0.6080606420870643
1077,-0.47973645,-0.2818590932435401
1078,-0.8918109,-0.7846687305239528
1079,-0.79394114,-0.6382329631589441
1080,-0.75682116,-0.6146073735402113
1081,-0.48186633,-0.2949209585666883
1082,-0.90117836,-0.7712933222295527
1083,-0.7891644,-0.6387312432438325
1084,-0.7440132,-0.6158993000420012
1085,-0.48755026,-0.2767567639892068
1086,-0.8862574,-0.7968472376365849
1087,-0.7936567,-0.41193022111686295
1088,-0.7589736,0.008862516238743012
1089,-0.47839603,-0.2894389781210849
1090,-0.8912469,-0.7784319159227147
1091,-0.79966056,-0.6254248559576636
1092,-0.778656,-0.6039101837386586
1093,-0.48188475,-0.2878582570548267
1094,-0.91514516,-0.7767526519896171
1095,-0.81453836,-0.6464122165168029
1096,-0.7319201,-0.6010434600450533
1097,-0.49535617,-0.2135096275168582
1098,-0.911566,0.5233530793573835
1099,-0.799314,-0.5188414358805457
1100,-0.74493635,-0.5840139382536693
1101,-0.41449,-0.28922492014829926
1102,-0.84358096,-0.7811450728795435
1103,-0.59179246,-0.6329928816549809
1104,-0.7297765,-0.6077031459460278
1105,0.3727831,-0.3009411992869153
1106,-1.1181196,-0.7784869762140151
1107,-0.8351569,-0.6521488477685867
1108,-0.7214209,-0.6228356251842627
1109,-0.49468136,-0.28081559615911567
1110,-0.8878846,-0.7891167798526134
1111,-0.7974068,-0.515126970106431
1112,-0.7561878,-0.6027786147259432
1113,-0.47805715,-0.29531445920863075
1114,-0.8872241,-0.7966457006239656
1115,-0.80095816,-0.6406966043879943
1116,-0.754655,-0.6177767628445517
1117,-0.48395985,-0.301522971443158
1118,-0.90618396,-0.7774847395853555
1119,-0.7866039,-0.6532042675640577
1120,-0.7389219,-0.6249453845840374
1121,-0.49065718,-0.28113977265562284
1122,-0.88895345,-0.8016219813243807
1123,-0.7983632,-0.5381481780893685
1124,-0.75831723,-0.6098903648856168
1125,-0.4747396,-0.2458741974399834
1126,-0.89291525,-0.7924394447635187
1127,-0.7975657,-0.6396943204555905
1128,-0.75907063,-0.6155015847093184
1129,-0.47024566,-0.2881435226058593
1130,-0.9030968,-0.7669466831378677
1131,-0.79064536,-0.663813911634409
1132,-0.7459992,-0.6259152967641476
1133,-0.48261937,-0.29262246971365835
1134,-0.88322866,-0.8048418200468951
1135,-0.8054745,-0.549518257768974
1136,-0.7566254,-0.6099864016393087
1137,-0.4759653,-0.29471754578154097
1138,-0.8912537,-0.7844728543225408
1139,-0.8023957,-0.6172496215388099
1140,-0.7513288,-0.5983067087647976
1141,-0.4826378,-0.293022155101446
1142,-0.9046527,-0.7769633604581423
1143,-0.7823883,-0.6481397334605339
1144,-0.7394055,-0.6164293341935169
1145,-0.49510998,-0.28213486769611107
1146,-0.88929236,-0.7824562034859238
1147,-0.7961602,-0.5295261521454825
1148,-0.7521608,-0.5930495916478485
1149,-0.48154524,-0.30030000049913275
1150,-0.8856703,-0.7778632566060465
1151,-0.79891217,-0.6212295436535338
1152,-0.75069344,-0.6067273144261444
1153,-0.48991153,-0.2859192789868592
1154,-0.90008366,-0.7598701760741312
1155,-0.78123915,-0.6371658241234348
1156,-0.74297404,-0.605921562977318
1157,-0.49150965,-0.28241044772780755
1158,-0.8850726,-0.782231163015929
1159,-0.7964649,-0.5190460666578456
1160,-0.75292015,-0.5920960405971395
1161,-0.48392126,-0.29536150554207286
1162,-0.88696325,-0.7858559242979735
1163,-0.7935817,-0.6281619607361434
1164,-0.74895525,-0.6115415464714226
1165,-0.49074203,-0.2976182909898193
1166,-0.9028652,-0.7657556860672378
1167,-0.7825582,-0.637634569046534
1168,-0.74009335,-0.45727273270650626
1169,-0.49284124,-0.11454001099303235
1170,-0.8872769,-0.7784411045371573
1171,-0.79656994,-0.5261523333601963
1172,-0.72308326,-0.573945042477655
1173,-0.5098622,-0.2844967444510804
1174,-0.89347076,-0.7682392454854113
1175,-0.7796669,-0.5996734176025843
1176,-0.7455629,-0.46951716249888875
1177,-0.48905477,-0.2843758244980308
1178,-0.8966279,-0.7349898031723411
1179,-0.7779578,-0.627273078122521
1180,-0.70510423,-0.6086545781997732
1181,-0.53065664,-0.28155836822731084
1182,-0.88141334,-0.7765164602824975
1183,-0.7829784,-0.6516923895471327
1184,-0.7473706,-0.46458840847765037
1185,-0.48812413,-0.4418148451724693
1186,-0.8882226,-0.6433588564066616
1187,-0.8043159,-0.7705719778744552
1188,-0.6937181,-0.4603037320248031
1189,-0.57191837,-0.4391713964742707
1190,-0.8543644,-0.6213963534266715
1191,-0.88072944,-0.7880147610088493
1192,-0.59400666,-0.5979243965273426
1193,-0.61893725,-0.42276438447615394
1194,-0.7845019,-0.6379647628460257
1195,-0.8962908,-0.6639084634006434
1196,-0.70211434,-0.45337411014557105
1197,-0.54546654,-0.41599297820153547
1198,-0.78759336,-0.6351348204009944
1199,-0.89691675,-0.7851301584640976
1200,-0.7144048,-0.4558504257915663
1201,-0.56801105,-0.4471842550991283
1202,-0.7956083,-0.6225702248679336
1203,-0.90576303,-0.7857887344428204
1204,-0.60400796,-0.5643387838151148
1205,-0.62022734,-0.4240442875531465
1206,-0.78107905,-0.6252505968074108
1207,-0.9033972,-0.7630831748898114
1208,-0.68194926,-0.3581131853695103
1209,-0.5607382,-0.41835444664239985
1210,-0.78753746,-0.6281536702211589
1211,-0.90137696,-0.7737229626268932
1212,-0.67663395,-0.4522548095407597
1213,-0.59860694,-0.4315258034457883
1214,-0.7871946,-0.6094518616068955
1215,-0.9138411,-0.7870998315234214
1216,-0.60243976,-0.44451034516672094
1217,-0.6168411,-0.4019365873702794
1218,-0.77597606,-0.6493648909471149
1219,-0.9266914,-0.7919517645173547
1220,-0.61785924,-0.3202185578306138
1221,-0.60050344,-0.4149087003290004
1222,-0.7932459,-0.6263564281715943
1223,-0.92635095,-0.7775339850370264
1224,-0.58435106,-0.44265196814463836
1225,-0.6388118,-0.4294089233121563
1226,-0.7847302,-0.6111351177242934
1227,-0.9263934,-0.7768873182028632
1228,-0.5947678,-0.46504668826820694
1229,-0.6195792,-0.42233602385159985
1230,-0.7766651,-0.6246336126872407
1231,-0.91857517,-0.7929656917148225
1232,-0.62635106,-0.41690184128383767
1233,-0.60211766,-0.42509049672398924
1234,-0.7829727,-0.6199222215769644
1235,-0.92845833,-0.7649159030367456
1236,-0.60599744,-0.4563813050195933
1237,-0.6192308,-0.4306026691613365
1238,-0.7789304,-0.6135470598364452
1239,-0.9237344,-0.7811524265687452
1240,-0.61764336,-0.4487019533179175
1241,-0.6088114,-0.41096869812399084
1242,-0.78007114,-0.6311997622093235
1243,-0.9213718,-0.784225625308673
1244,-0.6183807,-0.32470988351686736
1245,-0.6044564,-0.43936418268500366
1246,-0.78680074,-0.6293645915616893
1247,-0.92367303,-0.7786159843944782
1248,-0.587111,-0.44612266910260145
1249,-0.6462065,-0.2949302916225469
1250,-0.7852628,-0.2924565369419201
1251,-0.919189,-0.7737248955691624
1252,-0.59450054,-0.46756013915714023
1253,-0.5977678,-0.40859970352634867
1254,-0.7898357,-0.6386181975048546
1255,-0.904508,-0.7900182143787053
1256,-0.6631847,0.39539398505133083
1257,-0.57147115,-0.4257860412855665
1258,-0.7925147,-0.6364591090455062
1259,-0.9029255,-0.7709620297761569
1260,-0.73082685,-0.4390107442421729
1261,-0.51438904,-0.43717857980297725
1262,-0.7835711,-0.6294020570636656
1263,-0.9525273,-0.7800511510662826
1264,-0.53264767,-0.4658707045903281
1265,-0.6129925,-0.4161567169974234
1266,-0.7897059,-0.6486772154268429
1267,-0.9144944,-0.7960635006616206
1268,-0.62194765,-0.2594685740842111
1269,-0.59929514,-0.40541037549092485
1270,-0.7944704,-0.6437807671519981
1271,-0.91941917,-0.775014275711843
1272,-0.6054688,-0.43592265232146277
1273,-0.62736475,-0.44175909709809047
1274,-0.79388046,-0.6340399732366011
1275,-0.9322094,-0.7894414640852794
1276,-0.58071744,-0.4671277273025385
1277,-0.6289892,-0.4153051803687924
1278,-0.78471184,-0.6423065303215018
1279,-0.91881704,-0.7936558693268867
1280,-0.61980206,-0.3231031007355094
1281,-0.59889305,-0.4297964127077447
1282,-0.7916876,-0.6597862409283336
1283,-0.92279756,-0.7716713853348276
1284,-0.5980406,-0.47022050110976066
1285,-0.6343273,-0.4298617620685572
1286,-0.79831874,-0.6268325502165177
1287,-0.9146254,-0.7985350331677897
1288,-0.60377586,-0.4859894607321904
1289,-0.6082884,-0.4168963269811523
1290,-0.78974843,-0.6535866119910662
1291,-0.91978145,-0.8000912226185306
1292,-0.63414276,-0.31932923472002916
1293,-0.58782935,-0.42322245550553306
1294,-0.7949276,-0.6386774374853896
1295,-0.92246485,-0.7846363283546469
1296,-0.608449,-0.4731131506712498
1297,-0.6281952,-0.4376542768077001
1298,-0.7898227,-0.6261258173213333
1299,-0.9238496,-0.7863149698270694
1300,-0.607515,-0.4833879220848696
1301,-0.60852027,-0.4226370618323205
1302,-0.7832711,-0.6560923514830219
1303,-0.9177109,-0.8048875160786197
1304,-0.6356741,-0.3445640716321041
1305,-0.59217197,-0.4372949846788199
1306,-0.7962675,-0.6561358554616973
1307,-0.92326486,-0.7682256302855177
1308,-0.6024389,-0.4732831908317092
1309,-0.62974834,-0.4434422169674186
1310,-0.79449844,-0.6317117009956866
1311,-0.92094374,-0.7863182631798452
1312,-0.6077436,-0.4373783555432531
1313,-0.6091588,-0.4032021200449505
1314,-0.7901151,-0.6492022448025777
1315,-0.91808295,-0.8000484667963801
1316,-0.61275876,-0.33718263293318285
1317,-0.6069668,-0.43473835167055963
1318,-0.794451,-0.6563122133954279
1319,-0.93000376,-0.7500254647036833
1320,-0.5758512,-0.46580421570664665
1321,-0.6438621,-0.4379184689420583
1322,-0.7913914,-0.6182601604154714
1323,-0.9195373,-0.7752639937685674
1324,-0.60623884,-0.43986391464759667
1325,-0.60935974,-0.4197098591249462
1326,-0.79292727,-0.6428424817060365
1327,-0.91299915,-0.7943674995132816
1328,-0.6090218,-0.3260670531405234
1329,-0.61244154,-0.43966238101754085
1330,-0.79084563,-0.6560487702928471
1331,-0.92616916,-0.7676592251741694
1332,-0.5756887,-0.46680839827299403
1333,-0.647741,-0.43366423729483294
1334,-0.79483926,-0.6373965640824241
1335,-0.9152708,-0.7864144147124826
1336,-0.6021615,-0.4807793907627609
1337,-0.6121169,-0.40894652741599447
1338,-0.7910366,-0.6331492137719266
1339,-0.91307294,-0.7916332900892264
1340,-0.6330509,-0.4056244331219627
1341,-0.5906346,-0.34588360669349116
1342,-0.78932905,-0.646830406534665
1343,-0.92404926,-0.773778222474826
1344,-0.6248039,-0.4744092730147531
1345,-0.59274393,-0.43353542581442484
1346,-0.7969353,-0.6816687869755385
1347,-0.91876364,-0.7362948108773568
1348,-0.6245113,-0.5970945176587825
1349,-0.59506774,-0.2974134107619377
1350,-0.8071892,-0.7701183820278864
1351,-0.87633824,-0.6065131404212223
1352,-0.6981169,-0.3789109305241889
1353,-0.525803,0.2900999644167914
1354,-0.8705386,-0.7667958223155085
1355,-0.8459258,-0.6586748965272601
1356,-0.6871276,-0.5974168852240601
1357,-0.5589837,-0.3206144301637228
1358,-0.88421583,-0.7667609990973155
1359,-0.7636069,-0.6839936390386377
1360,-0.78685796,0.08585997420854197
1361,-0.275178,-0.2726608244897173
1362,-0.86660504,-0.7746252989702185
1363,-0.80746174,-0.6730850414047442
1364,-0.7603023,-0.5903123694849847
1365,-0.50179404,-0.18761222683399903
1366,-0.8925463,-0.7760688139599593
1367,-0.8404807,-0.6389216851084972
1368,-0.6685094,-0.6023300167607248
1369,-0.49292096,-0.312911228197158
1370,-0.89568174,-0.7561739412223828
1371,-0.8078724,-0.6556263203203099
1372,-0.7488862,-0.5923344743567284
1373,-0.48834792,-0.28812609030881475
1374,-0.8757285,-0.7814941136562954
1375,-0.808077,-0.6524655661851166
1376,-0.7392559,-0.5966191771258212
1377,-0.49303356,-0.1857708303753085
1378,-0.88720155,0.5292638819387516
1379,-0.80287147,-0.6241135785275893
1380,-0.73726547,-0.7526680379212836
1381,-0.4182258,-0.31343365387485633
1382,-0.85815656,-0.7681109036281709
1383,-0.5592369,-0.6555435329523317
1384,-0.90946877,-0.6047041759460909
1385,0.6614251,-0.2938727061332731
1386,-1.0443488,-0.7793695621077965
1387,-0.78953326,-0.67542955529948
1388,-0.81338084,-0.5990801402501139
1389,-0.4591635,-0.17018819654800676
1390,-0.8877567,-0.7770633905185342
1391,-0.81500983,-0.6505605911832925
1392,-0.7324207,-0.7859261506467818
1393,-0.48492292,-0.32204732144323134
1394,-0.8861964,-0.7808913698284212
1395,-0.7662723,-0.672711267837809
1396,-0.8624803,-0.6166807627878179
1397,-0.40181422,-0.2921075593167137
1398,-0.89294314,-0.8164685639516946
1399,-0.78033364,-0.6626238034810752
1400,-0.84128475,-0.62661565558161
1401,-0.4425832,-0.17080175487207994
1402,-0.9042691,-0.8188976926911417
1403,-0.7981819,-0.6330130082867449
1404,-0.74466217,-0.6370614786185286
1405,-0.4772926,-0.3006458586164762
1406,-0.9053345,-0.8069965656116048
1407,-0.78932893,-0.6440495628829349
1408,-0.7667285,-0.6377564115932145
1409,-0.46863523,-0.27745545719625553
1410,-0.898322,-0.8064285931699963
1411,-0.78615606,-0.6563396014503005
1412,-0.76391006,-0.6251092479618946
1413,-0.46830302,-0.16036872202529429
1414,-0.89955795,-0.7945448332766823
1415,-0.79792464,-0.6331426132017277
1416,-0.750491,-0.6228910774654606
1417,-0.4721289,-0.299703525730602
1418,-0.8969977,-0.7927321186808441
1419,-0.7923442,-0.6397060594550493
1420,-0.7651998,-0.6319163067642543
1421,-0.47555637,-0.28431645750924495
1422,-0.89231205,-0.8160254840886163
1423,-0.786793,-0.6567389934350774
1424,-0.76235473,-0.6265749156917142
1425,-0.47288293,-0.16891215311038277
1426,-0.9029033,-0.8089009591286624
1427,-0.7961328,-0.6041273741848555
1428,-0.7470993,-0.6259140060366388
1429,-0.47398606,-0.2868169755225227
1430,-0.9008585,-0.7943911335574925
1431,-0.7913563,-0.6321276611195951
1432,-0.766184,-0.7574501894384721
1433,-0.4688794,-0.26450467199767025
1434,-0.8974056,-0.8040465604318277
1435,-0.75607145,-0.6450577590362748
1436,-0.8316555,-0.6093836178367487
1437,-0.40919554,-0.15758642761623487
1438,-0.90611506,-0.7913226651485716
1439,-0.7736205,-0.610023929695653
1440,-0.8259299,-0.6241894791532391
1441,-0.43870962,-0.28561919584237305
1442,-0.9011724,-0.7968646424700575
1443,-0.7860768,-0.6353845965856176
1444,-0.76821554,-0.606553097029888
1445,-0.47027016,-0.2688470777370191
1446,-0.89642847,-0.8017184571015583
1447,-0.7889582,-0.6445237209531155
1448,-0.74887514,-0.6169366534087664
1449,-0.4808773,0.6218251950394946
1450,-0.89765537,-0.7890008590545369
1451,-0.79217637,-0.61763107757875
1452,-0.7998973,-0.6158031571404753
1453,-0.5275121,-0.07172365304059092
1454,-0.3340039,-0.7821435714208195
1455,-0.77859867,-0.6141624400711212
1456,-0.94616234,-0.481282061371082
1457,-0.27153113,-0.08567409614258747
1458,-0.8882685,-0.7902530102992856
1459,-0.8209833,-0.6269636039895664
1460,-0.7705643,-0.5901242792824635
1461,-0.4329362,-0.14106366083723865
1462,-0.892082,-0.78364329026759
1463,-0.7831527,-0.5936485666691044
1464,-0.7525041,-0.5160789798811626
1465,-0.445337,-0.25994204704356694
1466,-0.89045775,-0.7718831094126721
1467,-0.7854303,-0.6338857910839935
1468,-0.74042594,-0.6240865107546837
1469,-0.49361423,-0.2558604088458716
1470,-0.8860142,-0.7886693979714033
1471,-0.78234816,-0.6397190137211428
1472,-0.75606656,-0.6115740872857798
1473,-0.47435015,-0.2090011153589797
1474,-0.8937472,-0.6785125185011311
1475,-0.7944585,-0.6189100761602636
1476,-0.7597709,-0.6025149416905655
1477,-0.45835,-0.27202514289133317
1478,-0.8733729,-0.7771395650149799
1479,-0.80631065,-0.636545091455724
1480,-0.76639235,-0.6175433074467418
1481,-0.47532594,-0.25718865443743555
1482,-0.88728154,-0.7942768684536893
1483,-0.7918254,-0.6341542533935157
1484,-0.75849354,-0.6035764058759042
1485,-0.47150207,-0.2778495379579926
1486,-0.89591277,-0.6671950321510706
1487,-0.7920102,-0.5928638753672474
1488,-0.74895775,-0.6152333456592882
1489,-0.48071828,-0.2858587919264919
1490,-0.8723992,-0.7823868201759426
1491,-0.8004726,-0.6372747522999549
1492,-0.7700412,-0.6184834947443714
1493,-0.4770458,-0.2724425051503854
1494,-0.89263356,-0.7951049696732272
1495,-0.79273903,-0.6317335674873731
1496,-0.7546661,-0.6019636989157748
1497,-0.47661418,-0.27731944105896966
1498,-0.8970883,-0.6844538280435427
1499,-0.7906265,-0.6104118042303832
1500,-0.74820983,-0.6096431505291124
1501,-0.48215607,-0.21245479157924252
1502,-0.8775747,-0.788723386340395
1503,-0.79657924,-0.631948488957562
1504,-0.7664014,-0.613117010295866
1505,-0.4706423,-0.26702640920645004
1506,-0.89587927,-0.7930328324400286
1507,-0.79186535,-0.6290712129228901
1508,-0.75837743,-0.5707863047470529
1509,-0.47404185,-0.27656055751535824
1510,-0.89439595,-0.6548140436788956
1511,-0.78920007,-0.6057957953536204
1512,-0.74252665,-0.6038046565709873
1513,-0.48804757,-0.32955702752624627
1514,-0.8732308,-0.6945307218025734
1515,-0.79766655,-0.7633722285296208
1516,-0.7541723,-0.5090627702580578
1517,-0.5029523,-0.37808322615962164
1518,-0.8403709,-0.6783167341325146
1519,-0.8692056,-0.7724307241615851
1520,-0.6975353,-0.49424353117640796
1521,-0.54165196,-0.40062169264413505
1522,-0.81837165,-0.5594288268346064
1523,-0.9015529,-0.7409503646847851
1524,-0.64512074,-0.48274265104919123
1525,-0.5760162,-0.39895841534717036
1526,-0.79721487,-0.6634888500081586
1527,-0.907632,-0.7510034168847955
1528,-0.65384746,-0.49486686317731077
1529,-0.5763895,-0.38098754235602006
1530,-0.8059002,-0.6726466198154103
1531,-0.89371216,-0.7690493923152829
1532,-0.6479644,-0.4858916973566292
1533,-0.5729898,-0.39866109106618364
1534,-0.8139477,-0.5328069638826923
1535,-0.900383,-0.7389315776192467
1536,-0.63890314,-0.49457176569014094
1537,-0.5789022,-0.40390293332939975
1538,-0.79414034,-0.654858267877363
1539,-0.9053817,-0.7477539810703686
1540,-0.66207576,-0.5014633423152194
1541,-0.5725282,-0.3901871999835316
1542,-0.80097353,-0.6656462674730387
1543,-0.8935633,-0.7553516264521236
1544,-0.65365994,-0.48293386576563035
1545,-0.573882,-0.1037560061199787
1546,-0.81283665,-0.10529222887617484
1547,-0.89459205,-0.745322040939808
1548,-0.64038575,-0.49867210712032417
1549,-0.5586485,-0.4108725199506418
1550,-0.84248435,-0.6628638520048659
1551,-0.8344555,-0.7595600470890348
1552,-0.68047905,-0.48576493338750315
1553,-0.55949014,-0.333673699259996
1554,-0.8288268,-0.6722274479830416
1555,-0.8971871,-0.7400412133523375
1556,-0.62242925,-0.4528759558669986
1557,-0.5734737,-0.3590868376969236
1558,-0.81829846,-0.5437229029415719
1559,-0.89511,-0.7338189778332868
1560,-0.6391573,-0.4931900975354393
1561,-0.5739784,-0.39852983901283645
1562,-0.7994056,-0.6646263405269716
1563,-0.8928021,-0.7588027088084505
1564,-0.6604562,-0.5079692696855724
1565,-0.5707443,-0.3539352310725621
1566,-0.80469024,-0.6735146627053203
1567,-0.89549816,-0.7694895916875135
1568,-0.6574552,-0.48671154824001084
1569,-0.559896,-0.39668182764641857
1570,-0.81565106,-0.5422488879824834
1571,-0.90266156,-0.7389426951032623
1572,-0.6432133,-0.49234954944107256
1573,-0.5762061,-0.40941917668424344
1574,-0.7932092,-0.6625138730776744
1575,-0.9064292,-0.7631235312384632
1576,-0.6590773,-0.508439341190379
1577,-0.57538795,-0.39421364890122246
1578,-0.8026265,-0.6747722927850294
1579,-0.8978591,-0.7739674095312147
1580,-0.6515433,-0.483560528966688
1581,-0.57166123,-0.40521154500703416
1582,-0.81363046,-0.5498630428904443
1583,-0.9032134,-0.746184004945397
1584,-0.63704133,-0.4885212636189047
1585,-0.58293664,-0.4161483286385119
1586,-0.79578984,-0.6628540159945758
1587,-0.90735793,-0.7700517129072999
1588,-0.65273035,-0.512639009507909
1589,-0.58036494,-0.3986315085216676
1590,-0.8014467,-0.6721111212487672
1591,-0.900422,-0.7762671107195636
1592,-0.651451,-0.48089244709792567
1593,-0.57166946,-0.37311687124338966
1594,-0.8118551,-0.5606073358948778
1595,-0.904307,-0.7489217964497837
1596,-0.64610684,-0.497104428895521
1597,-0.5703752,-0.4084569948341341
1598,-0.7960098,-0.6446337926674301
1599,-0.9099066,-0.7671364674426018
1600,-0.6606631,-0.5056984842253005
1601,-0.57409656,-0.39579599203075455
1602,-0.7946662,-0.6801767356502026
