,avgcpu,labels
0,-0.8584882,-0.8671975736995019
1,-0.8584497,-0.8702549284888654
2,-0.85840297,-0.8601028005510052
3,-0.85836387,-0.8582675155175673
4,-0.85829973,-0.8727986707247505
5,-0.8583306,-0.8691943236681541
6,-0.85838276,-0.8564238862416934
7,-0.8583634,-0.8554876725638434
8,-0.85833263,-0.8592243693394016
9,-0.858266,-0.854322750138488
10,-0.8583311,-0.8631707570987215
11,-0.85838276,-0.8603049955530109
12,-0.8583431,-0.7873961921492235
13,-0.85825926,-0.8681889902200461
14,-0.85820854,-0.8729304495937746
15,-0.8582614,-0.8686377385519916
16,-0.8582751,-0.8684983416750929
17,-0.85818964,-0.8567290177409574
18,-0.85769755,-0.8597252707722334
19,-0.85762006,-0.8502281584260103
20,-0.8578199,-0.8589633623532283
21,-0.8579974,-0.8531549455213794
22,-0.85829604,-0.8653275665721761
23,-0.8584123,-0.8617341783664484
24,-0.8583241,-0.8638556859024106
25,-0.8581772,-0.8732493150958653
26,-0.8581022,-0.8813743680768955
27,-0.85806805,-0.8632118695071412
28,-0.85805255,-0.8622109938771013
29,-0.8581091,-0.8634076236590835
30,-0.8581425,-0.8663766408129545
31,-0.85831404,-0.8591158659437661
32,-0.8584236,-0.8737008671262867
33,-0.85848224,-0.8658453582930676
34,-0.8584294,-0.865694488186832
35,-0.85836655,-0.862634585888135
36,-0.8583238,-0.8682057159536363
37,-0.8582446,-0.8749426077866604
38,-0.85828257,-0.8688840709222245
39,-0.8583565,-0.8576972661126422
40,-0.8583399,-0.8792168613317098
41,-0.85828924,-0.8672449976897338
42,-0.85832,-0.8676811645473239
43,-0.8583766,-0.8601619999131693
44,-0.85841525,-0.8595800267579716
45,-0.85836726,-0.8638763290020948
46,-0.858426,-0.867575819531013
47,-0.8584554,-0.8612709430143901
48,-0.85842896,-0.8708205575713183
49,-0.85839224,-0.8613300426592088
50,-0.8583001,-0.8691039759660864
51,-0.8582072,-0.8542746081329877
52,-0.858238,-0.8615338774442357
53,-0.85823965,-0.8538149946960563
54,-0.8583107,-0.8681587241608053
55,-0.85836244,-0.8537597474147646
56,-0.8583678,-0.8734023864965124
57,-0.85830826,-0.8697620753566817
58,-0.858222,-0.8714697604875987
59,-0.85814893,-0.8560696040268798
60,-0.85817206,-0.8034937534951571
61,-0.8580861,-0.8631559205547829
62,-0.8582355,-0.8738848639176535
63,-0.85844195,-0.8564094624806282
64,-0.8585381,-0.8847196923153711
65,-0.8584051,-0.8572198281062683
66,-0.8579688,-0.8778607815317203
67,-0.85778797,-0.8552451538332746
68,-0.857847,-0.8720214431632657
69,-0.8578819,-0.8744009842342311
70,-0.8582599,-0.8771481444514135
71,-0.8583955,-0.8704796791889572
72,-0.8584269,-0.8800599151008606
73,-0.85834134,-0.8689342931046379
74,-0.858325,-0.8715615502474086
75,-0.85836124,-0.8588235482474094
76,-0.85842836,-0.8693815671472347
77,-0.8585011,-0.8695061097561303
78,-0.85858655,-0.8704476698111312
79,-0.8585688,-0.8631319617216442
80,-0.858523,-0.8610235975587873
81,-0.8584318,-0.858792199023271
82,-0.85839474,-0.8700710746531508
83,-0.8583643,-0.8657500539214513
84,-0.85839665,-0.8631230635368579
85,-0.85837424,-0.8648005570407293
86,-0.8583369,-0.8689542959714098
87,-0.85825145,-0.8668642125968693
88,-0.8582653,-0.8712417303057802
89,-0.8582529,-0.8622691138186174
90,-0.85827655,-0.8784486440986699
91,-0.85830665,-0.8556372700934474
92,-0.858304,-0.8910870698297202
93,-0.85832256,-0.8765451693775592
94,-0.8583552,-0.8789416979752321
95,-0.8583474,-0.865848274877008
96,-0.8583802,-0.8658508570992771
97,-0.858316,-0.8604354267152277
98,-0.858408,-0.8670685170539276
99,-0.8585826,-0.8495195594368039
100,-0.85867476,-0.868965196349577
101,-0.85864586,-0.8627810544927779
102,-0.8585769,-0.8669223437986705
103,-0.85843754,-0.8649759596854754
104,-0.85834235,-0.8541287312725809
105,-0.8582211,-0.8628078887411849
106,-0.8581952,-0.8650904754985713
107,-0.8582573,-0.8519090806361531
108,-0.8582934,-0.7982757209379598
109,-0.85832524,-0.8666661601984094
110,-0.8582438,-0.8718594408199937
111,-0.8583712,-0.8568441256358532
112,-0.858389,-0.8741804038202827
113,-0.8581757,-0.858021216801369
114,-0.85777175,-0.8719371845164088
115,-0.8577013,-0.8673055394322522
116,-0.85782635,-0.862957758965833
117,-0.8579066,-0.8609970150245079
118,-0.8581848,-0.887466860374464
119,-0.85828483,-0.8620789696938724
120,-0.85835266,-0.8646294317631003
121,-0.85836756,-0.8632654144213778
122,-0.8583007,-0.8638423137779814
123,-0.85828745,-0.8639908039366049
124,-0.8583932,-0.8639983073385371
125,-0.85843134,-0.872595746729299
126,-0.85840535,-0.8760901701953071
127,-0.8584235,-0.8607017676536437
128,-0.8583205,-0.8651593627797624
129,-0.85823107,-0.8619507972725775
130,-0.8582406,-0.8977321218718106
131,-0.8583095,-0.8487519009076223
132,-0.8584168,-0.8732165870523065
133,-0.85839665,-0.8545602835980417
134,-0.85835135,-0.8805776802860465
135,-0.8583453,-0.845187806043953
136,-0.85847795,-0.8714001542020373
137,-0.858387,-0.8543100223918287
138,-0.85842615,-0.8721479198953446
139,-0.85839075,-0.8532383629351866
140,-0.85836124,-0.875387097610799
141,-0.8582742,-0.8628487051042254
142,-0.8582754,-0.8719886218087946
143,-0.8582531,-0.8549743119192088
144,-0.858225,-0.8875759793687126
145,-0.8582213,-0.8533845354657951
146,-0.8582896,-0.870623538376404
147,-0.8582731,-0.8493530252982849
148,-0.858296,-0.8811458199567352
149,-0.8583194,-0.8486197489120415
150,-0.8584423,-0.8771659392343245
151,-0.85835123,-0.8465417921615912
152,-0.85835266,-0.8804725353989199
153,-0.8582949,-0.8579171377812322
154,-0.85826397,-0.87889040498682
155,-0.85823953,-0.8595287718584605
156,-0.8582542,-0.8745147782471412
157,-0.85822415,-0.8485303273661391
158,-0.85824525,-0.8738070226608752
159,-0.8582665,-0.8526611542270841
160,-0.8583504,-0.8718367828292746
161,-0.8583933,-0.8455277065942499
162,-0.85843194,-0.8725409252336884
163,-0.8583403,-0.8508696338085422
164,-0.8583314,-0.8672045023281287
165,-0.8582474,-0.8519678542109943
166,-0.8582516,-0.8696229103245736
167,-0.85822004,-0.8556572611025657
168,-0.8582113,-0.8852815382995949
169,-0.85819113,-0.8510854060699834
170,-0.85816824,-0.8950256790473431
171,-0.85815275,-0.8541750567451893
172,-0.85817146,-0.8805781922254902
173,-0.85811263,-0.8571678514415734
174,-0.858279,-0.8737111686665464
175,-0.8582888,-0.8480666738353286
176,-0.85841095,-0.8762182677190644
177,-0.8584788,-0.8604046162650275
178,-0.8584951,-0.8710260932933596
179,-0.8584864,-0.8456174115560681
180,-0.85838866,-0.8653576838747492
181,-0.85827315,-0.8429197919069271
182,-0.8583149,-0.8783997516301065
183,-0.8583474,-0.8515037469961495
184,-0.8583779,-0.8681961291013296
185,-0.8583078,-0.8441194745139102
186,-0.85822594,-0.8683616054494883
187,-0.85810864,-0.8481186682466877
188,-0.85816765,-0.8760031427726094
189,-0.85820436,-0.8680986162263081
190,-0.858201,-0.8355487360502931
191,-0.85817564,-0.854901754984083
192,-0.85812837,-0.8763449166836813
193,-0.8581327,-0.8574543496327525
194,-0.85822135,-0.8908394667580449
195,-0.85828936,-0.8477931549286994
196,-0.8581462,-0.8780199615059725
197,-0.8580028,-0.8619435164176406
198,-0.85810876,-0.8631043124099079
199,-0.85811627,-0.8611242515199119
200,-0.8583538,-0.8606872283415529
201,-0.85839677,-0.8651037834524237
202,-0.8584112,-0.8618219654179458
203,-0.8584564,-0.8583779274870593
204,-0.8583415,-0.8439063598437578
205,-0.8582948,-0.8621156381502468
206,-0.8582773,-0.8598076734977051
207,-0.8582773,-0.8633328463879262
208,-0.8582996,-0.8591870855045018
209,-0.8582318,-0.8574200847534981
210,-0.85811967,-0.8610141220290486
211,-0.85807246,-0.8591472198666819
212,-0.8580866,-0.8526874567986008
213,-0.8581041,-0.8578798816648688
214,-0.85819024,-0.8582455761826724
215,-0.8582294,-0.8679777320698927
216,-0.8582252,-0.8596295473699737
217,-0.85819113,-0.8667858591542585
218,-0.85813934,-0.8674215497232234
219,-0.8581042,-0.8735189245276147
220,-0.85805774,-0.8620987675740922
221,-0.85813993,-0.8721219802180177
222,-0.85819185,-0.8724056996781662
223,-0.85819757,-0.8630262102700865
224,-0.8582852,-0.8714950068137244
225,-0.8583251,-0.8677904808567516
226,-0.85837793,-0.8752270186686093
227,-0.85837317,-0.871214669654015
228,-0.8584093,-0.8675715026294533
229,-0.858364,-0.8703782253243497
230,-0.85834455,-0.8681126654755145
231,-0.8583886,-0.8697198328048579
232,-0.85838866,-0.8714995009357149
233,-0.85848,-0.8774942189118764
234,-0.8584526,-0.8666383092039196
235,-0.8584318,-0.8681622760524654
236,-0.8584238,-0.8659278173238488
237,-0.85837364,-0.8731191920674874
238,-0.85841453,-0.8644788760646717
239,-0.85852253,-0.8625375860442646
240,-0.85849804,-0.8614560241808797
241,-0.85843164,-0.8424786549837385
242,-0.85845995,-0.8524208007419155
243,-0.8584205,-0.8471475555072098
244,-0.8584516,-0.8672378866927459
245,-0.8584602,-0.8481411053283426
246,-0.85837674,-0.8496593024268696
247,-0.8582095,-0.8414431681007292
248,-0.85803586,-0.8652667875155766
249,-0.8580315,-0.8498337350477898
250,-0.85806274,-0.8687240519603565
251,-0.8580265,-0.8523442527324265
252,-0.8580206,-0.8471713534106806
253,-0.85793674,-0.8500711589590902
254,-0.85796714,-0.8552823402454401
255,-0.8580252,-0.8566894561217394
256,-0.85809827,-0.8731156791610408
257,-0.8581618,-0.8654643157841444
258,-0.8580957,-0.8618236299507862
259,-0.8579892,-0.864935917746596
260,-0.85792804,-0.8630277478159727
261,-0.8579527,-0.828953122395741
262,-0.858149,-0.8644092254369113
263,-0.85824585,-0.8572840156553858
264,-0.8583571,-0.873219686726937
265,-0.85840666,-0.8563339637478846
266,-0.8583561,-0.8666808662465882
267,-0.85808355,-0.862241325309614
268,-0.85799783,-0.869603855813583
269,-0.85800004,-0.8262173780439129
270,-0.85809577,-0.8036086737618617
271,-0.85818034,-0.8530013194673927
272,-0.85831475,-0.8704620156279097
273,-0.8584813,-0.8668146444454675
274,-0.858485,-0.8781959629893878
275,-0.8581611,-0.8613780604903349
276,-0.85762846,-0.8675358098096423
277,-0.8574328,-0.8606388797556487
278,-0.8575862,-0.8620426738879601
279,-0.8578375,-0.8545812737988154
280,-0.8582042,-0.8754952551222539
281,-0.8584182,-0.8496877214414593
282,-0.85843396,-0.8717555263861687
283,-0.8583896,-0.8575070978760457
284,-0.8582859,-0.8569519992846261
285,-0.85817266,-0.8556625997862964
286,-0.85823554,-0.8639938738713331
287,-0.85827416,-0.8572555722785988
288,-0.85824805,-0.8619292445598246
289,-0.85827607,-0.8648870329596561
290,-0.8581983,-0.8579703912828598
291,-0.85818017,-0.8716371904014859
292,-0.8581281,-0.8417366234274754
293,-0.8581228,-0.8793190975524416
294,-0.85811514,-0.842875934928419
295,-0.8582506,-0.8710718954034402
296,-0.85820323,-0.8421129422928665
297,-0.8582582,-0.877495662539225
298,-0.8581642,-0.8525266989918165
299,-0.85825145,-0.8814254636907237
300,-0.8581647,-0.7501028982399922
301,-0.8581312,-0.8929753680725516
302,-0.85808796,-0.8403041355173028
303,-0.8583313,-0.8800577857156622
304,-0.8583706,-0.8532153839090235
305,-0.85835737,-0.8838492984545766
306,-0.8577201,-0.848689775449534
307,-0.8576102,-0.8819685413490446
308,-0.8576783,-0.8484925078728078
309,-0.85769176,-0.86998107007714
310,-0.85807073,-0.8545854798657511
311,-0.8583449,-0.8734721216832252
312,-0.85831195,-0.846353877777358
313,-0.8583633,-0.8780555385094402
314,-0.85829866,-0.839321936051294
315,-0.8583123,-0.8833397187474861
316,-0.8582586,-0.8524888295608862
317,-0.85824984,-0.8728596344727915
318,-0.858201,-0.8336546957627915
319,-0.8582259,-0.8849799546106074
320,-0.85814226,-0.8530034421025268
321,-0.85824424,-0.8786426289504166
322,-0.85826766,-0.8501393183027321
323,-0.8582294,-0.8842027535156187
324,-0.8581095,-0.8481613891028245
325,-0.8582201,-0.878064332401114
326,-0.85819167,-0.8473218950381024
327,-0.8582423,-0.8878146282112738
328,-0.8582877,-0.8578521339362268
329,-0.85835147,-0.8808850810262339
330,-0.85834694,-0.838292087938108
331,-0.8582644,-0.8739993367780656
332,-0.8582244,-0.8376213521735444
333,-0.8583463,-0.8758795993274808
334,-0.8584013,-0.8286061220131353
335,-0.85848975,-0.8717621385926957
336,-0.85835135,-0.8403987931268131
337,-0.85830027,-0.8772731993100922
338,-0.85816723,-0.8344737330934436
339,-0.8581541,-0.8836601567374165
340,-0.8580369,-0.8380690311675502
341,-0.85802346,-0.8763865577756624
342,-0.8579925,-0.8404718616289998
343,-0.8580419,-0.872411998856081
344,-0.85804236,-0.84307314180442
345,-0.8581828,-0.8706093865051132
346,-0.85816956,-0.836968841354386
347,-0.8581503,-0.8640624345923349
348,-0.85816884,-0.7594348620368965
349,-0.85811853,-0.8753482073758438
350,-0.85816324,-0.8410545424134945
351,-0.85829043,-0.8756543668155934
352,-0.85826707,-0.8403284799144926
353,-0.85810053,-0.8747475816919292
354,-0.8575071,-0.8371731112029461
355,-0.8573767,-0.8617799824962991
356,-0.8575033,-0.8540043595372048
357,-0.85768133,-0.8696366302433378
358,-0.8579475,-0.8287597751540235
359,-0.85814893,-0.8759473187090498
360,-0.8580929,-0.8350604489436488
361,-0.85802615,-0.874135161269181
362,-0.8580719,-0.8411621214195976
363,-0.8581494,-0.8706686425815163
364,-0.85801905,-0.8379844703602242
365,-0.85807276,-0.8765703034267811
366,-0.8580415,-0.8408264864618574
367,-0.85806686,-0.8742877176384979
368,-0.85805655,-0.843072770206938
369,-0.8580678,-0.8665405107731095
370,-0.85805774,-0.8510366622946852
371,-0.8580855,-0.8700393384773308
372,-0.85808825,-0.8334131767160499
373,-0.85813695,-0.8791466698867022
374,-0.8581127,-0.8415735202232038
375,-0.8581464,-0.8798747325376386
376,-0.85815895,-0.84348900324573
377,-0.85813034,-0.8930686206373728
378,-0.8580402,-0.8375590415732677
379,-0.8581176,-0.8782529059154813
380,-0.8580067,-0.8400973171756877
381,-0.85811317,-0.8760482718866067
382,-0.85819554,-0.8410791323869469
383,-0.85834694,-0.8791510384111119
384,-0.85828465,-0.8430267176138582
385,-0.8583118,-0.8775841257628978
386,-0.85824275,-0.8461393175496879
387,-0.85814404,-0.8717743984366088
388,-0.85815364,-0.8497282222040901
389,-0.858196,-0.8789111491141175
390,-0.85820043,-0.8420246762519226
391,-0.8582057,-0.8772210191272297
392,-0.8581912,-0.8479360576151245
393,-0.85818374,-0.8634755576597843
394,-0.85817254,-0.8459447334839295
395,-0.85822904,-0.8749340338357856
396,-0.8582136,-0.7741231134574341
397,-0.85824895,-0.8897744971583078
398,-0.8582341,-0.8440967542896973
399,-0.85827696,-0.8760700275386196
400,-0.85825217,-0.8408294724555673
401,-0.858147,-0.8799315483977144
402,-0.85768497,-0.8390419005423342
403,-0.85772383,-0.8733086764977926
404,-0.8577976,-0.8344941772946963
405,-0.85788107,-0.8658420336492534
406,-0.85811394,-0.8518779686422193
407,-0.8582283,-0.8811715607781392
408,-0.8581977,-0.8479245132083045
409,-0.8581864,-0.8617949972105156
410,-0.8580302,-0.851419385533246
411,-0.8579928,-0.8764653719339296
412,-0.85805106,-0.8616195340974473
413,-0.85817623,-0.8747137429001772
414,-0.85821855,-0.8465524518581056
415,-0.8581545,-0.8800889486122315
416,-0.858125,-0.8426427062402522
417,-0.8581928,-0.8845864001939873
418,-0.8582041,-0.8354950979926776
419,-0.8583758,-0.8836559042735372
420,-0.85828805,-0.8524506937486779
421,-0.85833544,-0.8824668892054849
422,-0.8582605,-0.8416092326487034
423,-0.8582654,-0.8713966323433897
424,-0.8581564,-0.8568688858330334
425,-0.85822177,-0.8636892361683747
426,-0.8582736,-0.8574100724085796
427,-0.85834473,-0.8555939992774124
428,-0.8583033,-0.8638416756790389
429,-0.8582747,-0.8474870730332426
430,-0.8582771,-0.8618319234746511
431,-0.858235,-0.8477433418854723
432,-0.8582156,-0.8608298195992697
433,-0.85817146,-0.8478549615222142
434,-0.8582261,-0.8590910447399926
435,-0.8581239,-0.8544620350837249
436,-0.858109,-0.8676500814346536
437,-0.8580809,-0.8627832339542384
438,-0.8580514,-0.8556138661577246
439,-0.858046,-0.8575585657893048
440,-0.85801816,-0.8619564946519549
441,-0.85804796,-0.8438402574326138
442,-0.85814255,-0.8621361301174622
443,-0.8582312,-0.8515494702662367
444,-0.8582175,-0.7909728096807582
445,-0.85820234,-0.8530379769213585
446,-0.85818917,-0.8623282345274945
447,-0.858217,-0.8493588144907899
448,-0.858253,-0.8661315187646661
449,-0.85807526,-0.8434572800908176
450,-0.8576466,-0.869448261542672
451,-0.85752827,-0.8493672471987841
452,-0.85763085,-0.8678236153821821
453,-0.85769784,-0.8500659124780547
454,-0.857976,-0.8681152330261332
455,-0.8580264,-0.8500288159612095
456,-0.8580754,-0.8563134659338311
457,-0.8581034,-0.8612554491593423
458,-0.8581197,-0.8099222958266843
459,-0.8581854,-0.8588434816342514
460,-0.8581753,-0.8662325958514714
461,-0.85822296,-0.8516922047002913
462,-0.858194,-0.8592164483730598
463,-0.8581346,-0.8532246070908686
464,-0.8578273,-0.860386300314093
465,-0.8577299,-0.8496907021443992
466,-0.8579281,-0.8722815317989133
467,-0.8579024,-0.8620255589746226
468,-0.85804516,-0.8594213209771513
469,-0.8581156,-0.8630779243980145
470,-0.858046,-0.8708708221248538
471,-0.8580548,-0.8562202715155409
472,-0.85814095,-0.8671016501687747
473,-0.8581415,-0.8547013439194593
474,-0.85817003,-0.8621358759394753
475,-0.858221,-0.8534273756186735
476,-0.85830355,-0.8705252670866632
477,-0.8582841,-0.8551710167651766
478,-0.85828805,-0.8730873821576215
479,-0.858212,-0.854469569401813
480,-0.8581669,-0.8624961470428709
481,-0.8581389,-0.8634098126020516
482,-0.858199,-0.8651122105998202
483,-0.8581899,-0.8603683279955467
484,-0.8582802,-0.8719870036178883
485,-0.8582409,-0.8635936977856531
486,-0.85818946,-0.870375421898079
487,-0.85824203,-0.869567421664951
488,-0.858208,-0.8731847195870519
489,-0.85819995,-0.8373850147192667
490,-0.8582632,-0.8600206043730048
491,-0.8582783,-0.852239795282002
492,-0.8583733,-0.7849719195594004
493,-0.85846484,-0.8628497833602906
494,-0.8584915,-0.856669586274032
495,-0.85845095,-0.8488338770603754
496,-0.8583472,-0.8703659669462132
497,-0.85813636,-0.8504296111181114
498,-0.85760534,-0.8678269321829666
499,-0.85748386,-0.8677078626558589
500,-0.8576267,-0.8750850601769262
501,-0.8576604,-0.8571205053130979
502,-0.85791206,-0.8779157938319541
503,-0.85808384,-0.8585580043234332
504,-0.85811114,-0.8718496253576795
505,-0.8582146,-0.8655597966638553
506,-0.8583392,-0.8603211173821455
507,-0.85834616,-0.8590411801015285
508,-0.8583646,-0.8706569310695934
509,-0.8583778,-0.8599275146522214
510,-0.8583745,-0.8605764853365905
511,-0.8583857,-0.8524047720441096
512,-0.85832644,-0.8684347514824217
513,-0.8583129,-0.8543981284583645
514,-0.8582822,-0.8610935387100037
515,-0.8582729,-0.8715943704282015
516,-0.8582537,-0.8709373921546713
517,-0.8582171,-0.8696286460235017
518,-0.8581986,-0.8686345092359558
519,-0.8581259,-0.8650031583050004
520,-0.8581114,-0.865193384491253
521,-0.8581904,-0.8672269541720694
522,-0.8582827,-0.8629877114281886
523,-0.85841817,-0.8739540790919984
524,-0.8584472,-0.8676233885567752
525,-0.8584198,-0.8701945878590223
526,-0.85836667,-0.8715295012689294
527,-0.8583269,-0.879136699516236
528,-0.85831666,-0.8597306447764573
529,-0.8583542,-0.8833815074456631
530,-0.85835487,-0.8686279992136969
531,-0.8583802,-0.8579076774411163
532,-0.8584159,-0.874358632438383
533,-0.85845196,-0.8559732811910049
534,-0.85844755,-0.8672173768710605
535,-0.85852563,-0.8669898994696064
536,-0.8585375,-0.8773194124862047
537,-0.8584507,-0.870600261892643
538,-0.8584275,-0.8682649233536455
539,-0.85831535,-0.8604837731532748
540,-0.85823584,-0.7788328807820617
541,-0.85831237,-0.8687161713515875
542,-0.85837996,-0.8559863612170124
543,-0.8585871,-0.8691453332204805
544,-0.8586483,-0.8674794280459872
545,-0.8585017,-0.8691596173679403
546,-0.8578627,-0.8666266432007745
547,-0.85762084,-0.8814426643989688
548,-0.85764635,-0.882834668940992
549,-0.85777646,-0.839711212307384
550,-0.85807455,-0.8625200722077057
551,-0.8582798,-0.8725672519677701
552,-0.85834354,-0.862146244138809
553,-0.8585106,-0.87055445274235
554,-0.85859793,-0.8679369096800078
555,-0.85841167,-0.8753392164116404
556,-0.85829717,-0.8504305748513505
557,-0.858271,-0.8802866194510466
558,-0.8582181,-0.870438202516888
559,-0.8582777,-0.8686879863878587
560,-0.85839653,-0.8566325889542141
561,-0.8583664,-0.8730139587059637
562,-0.8583447,-0.856793431113972
563,-0.85835713,-0.8644781961572108
564,-0.85842764,-0.8550245846121596
565,-0.8583875,-0.8542681887133892
566,-0.8583764,-0.854108192262398
567,-0.858415,-0.8592225046331239
568,-0.85834426,-0.8646023840370011
569,-0.85830593,-0.8824649269973286
570,-0.85824406,-0.8579315944518922
571,-0.85813284,-0.8694515099420745
572,-0.8580324,-0.8653070297858148
573,-0.85804915,-0.868329875632416
574,-0.85808265,-0.8435146354138119
575,-0.858251,-0.8740766800724222
576,-0.85833514,-0.8539035823042631
577,-0.8584167,-0.8778280914967524
578,-0.8584286,-0.8550165471214561
579,-0.8583536,-0.8728395830013274
580,-0.85819554,-0.8624472098155394
581,-0.85822064,-0.8746870574585138
582,-0.8581886,-0.8662832812426342
583,-0.85821486,-0.8739760276604169
584,-0.85826194,-0.8692497428068671
585,-0.8583274,-0.891819789896579
586,-0.858284,-0.8650065345777789
587,-0.8583268,-0.890539663468264
588,-0.85833836,-0.8419989638900778
589,-0.8583917,-0.877992607526271
590,-0.85840964,-0.8523554215796463
591,-0.85859716,-0.8684124200520547
592,-0.8586601,-0.8668147345444002
593,-0.8586838,-0.8764198916314072
594,-0.85859376,-0.850239901144382
595,-0.8584089,-0.8843928833745147
596,-0.85829294,-0.8530893258857736
597,-0.8582079,-0.8676930360391936
598,-0.85831046,-0.8531651056330689
599,-0.8583919,-0.8894756137634796
600,-0.85832536,-0.8560700201113698
601,-0.8584362,-0.8774729008926325
602,-0.8583522,-0.8544363155245159
603,-0.8582603,-0.8823052827042035
604,-0.85822546,-0.8698520897569575
605,-0.8583299,-0.8766445122437179
606,-0.8583516,-0.8662950445663744
607,-0.8583678,-0.8890535483091755
608,-0.8583566,-0.8541769574500043
609,-0.8583924,-0.8825098884833953
610,-0.8583945,-0.8555997894637
611,-0.858449,-0.8766297307008957
612,-0.85853446,-0.8587851848408583
613,-0.8586099,-0.88334738314808
614,-0.85852265,-0.856253497966683
615,-0.858522,-0.8654950347056544
616,-0.85842335,-0.8604498633844209
617,-0.85838664,-0.8795150035000687
618,-0.858415,-0.8546338539167828
619,-0.8584607,-0.872784167926065
620,-0.8583574,-0.8498633867658307
621,-0.8583394,-0.8654634218706497
622,-0.8583204,-0.8495756142049808
623,-0.8583783,-0.8749468899542066
624,-0.85835063,-0.8492948272389227
625,-0.8583766,-0.8757344949050547
626,-0.85830635,-0.8569322466653861
627,-0.8582182,-0.8701146621712095
628,-0.85815895,-0.864110202891176
629,-0.85820484,-0.8834447564091212
630,-0.8581891,-0.8663198930504459
631,-0.8582132,-0.8858953395229636
632,-0.85823274,-0.8734687980920042
633,-0.8582149,-0.8785157936216049
634,-0.8582375,-0.8575716586498494
635,-0.85834855,-0.8826906426463352
636,-0.85841537,-0.8418296938832651
637,-0.8585601,-0.889018291510443
638,-0.8586054,-0.8492539891394943
639,-0.8586235,-0.8694854228593156
640,-0.85857004,-0.8574316525706456
641,-0.8585125,-0.8798504936125986
642,-0.8583414,-0.8610359609959817
643,-0.85840535,-0.8830739689712261
644,-0.8583302,-0.8555725797923739
645,-0.85823166,-0.8752890376446996
646,-0.85824025,-0.8512080063950318
647,-0.8582723,-0.8692342008845557
648,-0.85832274,-0.8599228530948696
649,-0.8584243,-0.8685170609344459
650,-0.8584534,-0.8685703352805596
651,-0.8584467,-0.8648517325035856
652,-0.85836,-0.8600786718978308
653,-0.8582685,-0.8898774961544944
654,-0.85826063,-0.855509852116829
655,-0.8582925,-0.8754045783099776
656,-0.85826814,-0.8600185917176313
657,-0.8582855,-0.8703265499596178
658,-0.8583274,-0.8589559485880319
659,-0.85843194,-0.8862938567310259
660,-0.8584125,-0.8549757052941152
661,-0.85845613,-0.8855631600397286
662,-0.85841167,-0.8643915594023396
663,-0.8583267,-0.8730578029689304
664,-0.8583027,-0.8622189418626598
665,-0.8584,-0.8819053956008868
666,-0.8583746,-0.8539337185902169
667,-0.8584628,-0.8719910806484699
668,-0.8584753,-0.8627772719666184
669,-0.8584498,-0.885690053420126
670,-0.85843956,-0.850982357181039
671,-0.85845613,-0.8739241342766758
672,-0.85834205,-0.8540303910721871
673,-0.8583634,-0.8799910692877433
674,-0.8583413,-0.867214183698652
675,-0.8584361,-0.8647327837428462
676,-0.85839033,-0.8511610595164034
677,-0.8583241,-0.8754653979781317
678,-0.8582783,-0.8595091197911846
679,-0.8583709,-0.875270965627828
680,-0.8583852,-0.8622103980032253
681,-0.85836124,-0.871569302222682
682,-0.8582891,-0.8465636425367207
683,-0.85827625,-0.8775112216424283
684,-0.8582572,-0.8485855087713043
685,-0.8583503,-0.875610455277351
686,-0.8583717,-0.8572809245832693
687,-0.85838616,-0.8620128251508085
688,-0.85829735,-0.8577633371530289
689,-0.8583068,-0.8695374492211694
690,-0.8582368,-0.856368339226901
691,-0.8582486,-0.8744175929760056
692,-0.8582887,-0.8600638222080641
693,-0.8582418,-0.871939402488985
694,-0.8582021,-0.8507693815085116
695,-0.8581917,-0.8770536105544073
696,-0.85819244,-0.8541655595248969
697,-0.8582713,-0.8774878278766389
698,-0.85834056,-0.8603974063995724
699,-0.8583681,-0.8706421779649438
700,-0.85828626,-0.8578925632183092
701,-0.8582797,-0.8763277453458634
702,-0.8582529,-0.8711162066649766
703,-0.8583338,-0.8808449519001806
704,-0.85833526,-0.8701883012384362
705,-0.85833704,-0.8842946755901109
706,-0.85826564,-0.8478892779440164
707,-0.8582807,-0.8756294332480264
708,-0.8583603,-0.8502134638435006
709,-0.85847265,-0.8770105818887853
710,-0.8585546,-0.8506672686135661
711,-0.85863304,-0.8871508278069744
712,-0.8584908,-0.8814125386767115
713,-0.8584063,-0.8853648072221485
714,-0.85828817,-0.8653160612342283
715,-0.8581811,-0.881313055791919
716,-0.8581196,-0.8697379810631272
717,-0.85826695,-0.8603726492118646
718,-0.8584862,-0.854113788341295
719,-0.85858667,-0.8741336911157279
720,-0.858634,-0.8563226886085162
721,-0.8586835,-0.8732956928969287
722,-0.8586335,-0.8609768437271025
723,-0.85847664,-0.8796967395767447
724,-0.8583448,-0.8566701279405773
725,-0.8583281,-0.8782129822737474
726,-0.85822403,-0.8725668396182193
727,-0.8582602,-0.876834631602919
728,-0.858273,-0.8541242224183672
729,-0.85836947,-0.8633536014714778
730,-0.8583231,-0.8575001532374927
731,-0.8583839,-0.8711087539842437
732,-0.8585185,-0.8374474875760137
733,-0.8585416,-0.8709095011469767
734,-0.8584425,-0.8732964647601567
735,-0.85839534,-0.8697838360103609
736,-0.8583355,-0.8706266889147207
737,-0.85821337,-0.8689154171748723
738,-0.8580686,-0.8663575610592341
739,-0.85807216,-0.8763236137416328
740,-0.8581822,-0.8774806042116119
741,-0.8582705,-0.8648331741553206
742,-0.85836196,-0.871625060593198
743,-0.8584301,-0.8609225515080883
744,-0.8584167,-0.863467575276438
745,-0.85840034,-0.871174996759137
746,-0.85854137,-0.8578019519926456
747,-0.8585123,-0.8723136611355484
748,-0.8584973,-0.8701534566501874
749,-0.8584336,-0.8700782942832174
750,-0.8583386,-0.8738255541806371
751,-0.8583079,-0.8802518069859755
752,-0.85826516,-0.8904665777962812
753,-0.8582792,-0.8629448620075983
754,-0.8583158,-0.8678512000906229
755,-0.8583517,-0.8682134740923174
756,-0.85837305,-0.8727317265170731
757,-0.8585249,-0.8755890898289983
758,-0.8586685,-0.8697639460755457
759,-0.85863316,-0.8632727126038477
760,-0.8585246,-0.8607748354152795
761,-0.8584931,-0.8643086607615824
762,-0.858408,-0.8703589638608416
763,-0.85846406,-0.877287336424823
764,-0.85850203,-0.8761425804123932
765,-0.8584477,-0.8710204546534086
766,-0.85834414,-0.9039262478834511
767,-0.858238,-0.874604928729664
768,-0.8582344,-0.8660946638916328
769,-0.8583077,-0.7114023062227836
770,-0.85840404,-0.8231722742221378
771,-0.8585141,-0.8722074804961262
772,-0.8590091,-0.8728121647086934
773,-0.8592694,-0.8714637586909397
774,-0.8589269,-0.8648846373023642
775,-0.85768986,-0.8800240163963913
776,-0.85695106,-0.8641579563591197
777,-0.85700357,-0.8710404016907867
778,-0.8572359,-0.8729065769292901
779,-0.8578296,-0.8839033201622628
780,-0.8583387,-0.8578366479928192
781,-0.85843253,-0.8679139276869188
782,-0.85841656,-0.8619085093904866
783,-0.858387,-0.847175640000106
784,-0.85846484,-0.8751113003609794
785,-0.85854775,-0.8588771744547654
786,-0.8585423,-0.853265435656027
787,-0.85844994,-0.8658746298648345
788,-0.85835916,-0.868515074177761
789,-0.8581982,-0.8611839495392751
790,-0.8582125,-0.8693474523007073
791,-0.8582083,-0.863463138877447
792,-0.85814774,-0.8478811285892225
793,-0.85819924,-0.8790009603404432
794,-0.8582176,-0.8673414407011614
795,-0.8582404,-0.8625131543686675
796,-0.85831636,-0.8573794547724236
797,-0.85830647,-0.8733377109847554
798,-0.8582211,-0.8671486755246339
799,-0.85828006,-0.8764003518644272
800,-0.85832703,-0.8648479615652858
801,-0.8582847,-0.8656836054052004
802,-0.8582243,-0.878142748120708
803,-0.8582708,-0.8725185872493546
804,-0.85831285,-0.8727331584861052
805,-0.8583546,-0.8704166913149326
806,-0.8584281,-0.8815051754251682
807,-0.85835576,-0.8554641462122654
808,-0.858436,-0.8683380898092286
809,-0.85844445,-0.8633698019649036
810,-0.85850656,-0.8708806245007465
811,-0.85853016,-0.854945985637195
812,-0.85857546,-0.8751337593894057
813,-0.858445,-0.8520058035202531
814,-0.8584134,-0.8857468066042007
815,-0.85839343,-0.862262582582707
816,-0.8583387,-0.8658188588009026
817,-0.85827255,-0.8599566119569583
818,-0.8582828,-0.8793317942812389
819,-0.8582463,-0.8477883658141916
820,-0.8583411,-0.8765538437801411
821,-0.8584099,-0.8594980669110631
822,-0.8583443,-0.8713808601413382
823,-0.85834765,-0.8588465072397435
824,-0.8583772,-0.8761622049048041
825,-0.8582373,-0.8463872199487883
826,-0.8583151,-0.8653414157769812
827,-0.85832405,-0.8574393680819301
828,-0.8583263,-0.7696090979095478
829,-0.85836977,-0.8593463576239254
830,-0.8583603,-0.8803845330308524
831,-0.85842943,-0.8474763273718364
832,-0.8584347,-0.8709923848064047
833,-0.858238,-0.852323303115649
834,-0.8575899,-0.8731019572228463
835,-0.85743856,-0.8505473854211357
836,-0.8576623,-0.8842533436298212
837,-0.85770565,-0.8553599564262193
838,-0.858039,-0.845148289486797
839,-0.8582095,-0.8647730307927333
840,-0.8581771,-0.8770474815481137
841,-0.8582276,-0.8504388244318778
842,-0.85837555,-0.8793193531623842
843,-0.8583328,-0.8495138567993912
844,-0.85822207,-0.8725119149358729
845,-0.85815763,-0.8525302272257853
846,-0.8582269,-0.8698339496298653
847,-0.85817266,-0.8549256478182079
848,-0.8583387,-0.8751674920307485
849,-0.8583392,-0.8458316092690141
850,-0.85828996,-0.8858650887435202
851,-0.85828197,-0.853312023748207
852,-0.85821867,-0.8709549837086825
853,-0.8581815,-0.8570339041569244
854,-0.8582494,-0.8778254023993011
855,-0.8582259,-0.8665796635132416
856,-0.8582785,-0.8646073039677362
857,-0.85830986,-0.8502235615268265
858,-0.858281,-0.8610696731555953
859,-0.858316,-0.8538115174282024
860,-0.858361,-0.8806323873961127
861,-0.8584157,-0.8432318542356748
862,-0.8584355,-0.8880249875506593
863,-0.8582847,-0.845950424470387
864,-0.8582318,-0.8671305535548516
865,-0.858113,-0.8450015675919214
866,-0.8581699,-0.8717294414649024
867,-0.8581838,-0.8401023765620348
868,-0.8583464,-0.8829526790792281
869,-0.8583324,-0.8616958407968041
870,-0.858263,-0.8707147548982028
871,-0.85817647,-0.8426761744317159
872,-0.8581312,-0.874506841257813
873,-0.8580296,-0.8363928232061659
874,-0.8581834,-0.8722202880088935
875,-0.8582838,-0.8432954756619337
876,-0.85832393,-0.7898645621938359
877,-0.8583229,-0.8368685638507274
878,-0.8583137,-0.8728291020085891
879,-0.85826945,-0.8503006144357619
880,-0.8583241,-0.8703740061409231
881,-0.85813653,-0.8428444820223961
882,-0.85763395,-0.856727265089001
883,-0.8573656,-0.842623376932735
884,-0.8575289,-0.8695588433430383
885,-0.857677,-0.830863514122451
886,-0.8580116,-0.866679587400984
887,-0.8581601,-0.8443699961950235
888,-0.8581127,-0.8646947221763078
889,-0.85802674,-0.8401259979464444
890,-0.8580439,-0.8722125617217219
891,-0.8579782,-0.8451188669984987
892,-0.8579776,-0.8701427553997245
893,-0.8579808,-0.842625683972599
894,-0.85800695,-0.8727972571128146
895,-0.8579756,-0.8492500512424843
896,-0.8580686,-0.8663729512530474
897,-0.8580495,-0.8506950929299972
898,-0.85810924,-0.8746275555973527
899,-0.8580949,-0.8581230397790085
900,-0.8581281,-0.8553606344580373
901,-0.8581091,-0.8703412214716033
902,-0.858132,-0.8528730231941446
903,-0.85816115,-0.8582653297643004
904,-0.8582015,-0.8560457185771464
905,-0.8582612,-0.8573190341981175
906,-0.85823476,-0.860937651375042
907,-0.8582831,-0.8660706802615084
908,-0.8582166,-0.8613325740187103
909,-0.85812604,-0.8701813310364828
910,-0.85814303,-0.8701141104464496
911,-0.85809433,-0.8625963596656354
912,-0.8581019,-0.8572198538790243
913,-0.8581374,-0.8624607099659011
914,-0.85820377,-0.863409626172492
915,-0.8582908,-0.8682678330051434
916,-0.8583609,-0.8553433190925792
917,-0.8583695,-0.8717506956940224
918,-0.85830754,-0.858909580957077
919,-0.85825586,-0.8695863530738034
920,-0.8582221,-0.8522393090432379
921,-0.8582194,-0.8674892275577613
922,-0.85821486,-0.8510769554616093
923,-0.8583009,-0.854235594864023
924,-0.85835344,-0.8445103872235851
925,-0.8583205,-0.8520640012859819
926,-0.8583115,-0.8484383826837067
927,-0.8583152,-0.8549563697026191
928,-0.85822964,-0.846694505424939
929,-0.8581514,-0.8718147684489888
930,-0.8580205,-0.857592839559681
931,-0.8579773,-0.8620310933842057
932,-0.85791767,-0.8598564736250215
933,-0.85789603,-0.8674614484935084
934,-0.8579191,-0.846827471365039
935,-0.85802364,-0.8767642457207895
936,-0.8581219,-0.8533769263356932
937,-0.85819215,-0.8709166669626789
938,-0.8582194,-0.8629006103748751
939,-0.858214,-0.875873553911636
940,-0.8581632,-0.8740333294864597
941,-0.8581934,-0.8668888634583898
942,-0.8581816,-0.8538491354970729
943,-0.85816395,-0.8626996176549852
944,-0.8582674,-0.8511741032123508
945,-0.85837793,-0.8621972337874555
946,-0.8584533,-0.8540494046916252
947,-0.85849404,-0.8623503424417918
948,-0.8583977,-0.8611364868476725
949,-0.85832465,-0.8634959714757411
950,-0.85819435,-0.8560230914050371
951,-0.8581438,-0.861612333574785
952,-0.8580935,-0.8477030133721948
953,-0.85815454,-0.8603922824818652
954,-0.85817695,-0.8471539656750847
955,-0.85821426,-0.8613450821032914
956,-0.8582059,-0.8552849479394327
957,-0.85826254,-0.8616026470827721
958,-0.8581442,-0.8624805591285347
959,-0.8580699,-0.8770274279323337
960,-0.8580469,-0.8497365830144921
961,-0.85803115,-0.8734897595753014
962,-0.8580071,-0.8528999520770009
963,-0.85807717,-0.8591642222837332
964,-0.8581499,-0.8555133256715224
965,-0.85826755,-0.8635534144057058
966,-0.8582926,-0.8634376831080333
967,-0.8583199,-0.8658938456056027
968,-0.85829383,-0.8626957240652515
969,-0.8581605,-0.8669221301438537
970,-0.85813725,-0.8498748339213644
971,-0.85813886,-0.8663111938393155
972,-0.85818267,-0.8285520424226068
973,-0.85822546,-0.8577581221058417
974,-0.8582895,-0.8513616552703622
975,-0.85836565,-0.8624411613796589
976,-0.85831285,-0.8499628492345916
977,-0.85825175,-0.8716252752668896
978,-0.8580866,-0.8612936751010443
979,-0.8579346,-0.8447781428455624
980,-0.85791075,-0.8549656887411298
981,-0.8579372,-0.848291377811678
982,-0.85798943,-0.8472852160009785
983,-0.85819936,-0.8577853677434124
984,-0.85824955,-0.850227629724229
985,-0.85820854,-0.8549174663694241
986,-0.8581551,-0.8596450889032616
987,-0.8580333,-0.8586576812121154
988,-0.8579042,-0.8444317427857913
989,-0.8579444,-0.8496908400654151
990,-0.8579407,-0.8585847676755434
991,-0.8579922,-0.8640276379041075
992,-0.8581042,-0.8522014097284452
993,-0.8580848,-0.8620785938103774
994,-0.8580364,-0.8341295858453002
995,-0.85799205,-0.8658956250788317
996,-0.8579792,-0.834821450642389
997,-0.85809636,-0.8600830067236922
998,-0.8581156,-0.8581155924190118
999,-0.8581822,-0.8543735235608287
1000,-0.85806155,-0.862981150487914
1001,-0.8580141,-0.8658147246135781
1002,-0.857898,-0.8551849125976909
1003,-0.85788476,-0.8645886109553691
1004,-0.857975,-0.8644124565850155
1005,-0.8579702,-0.8564563805466909
1006,-0.8581061,-0.8574901830807413
1007,-0.85820234,-0.8637627904220437
1008,-0.85819364,-0.846661567078345
1009,-0.858219,-0.8698614348012614
1010,-0.8582725,-0.8504357654242489
1011,-0.85822606,-0.8722288944013084
1012,-0.8581964,-0.8621829365811036
1013,-0.85820013,-0.8687705596467856
1014,-0.8581263,-0.8520178860583555
1015,-0.85810375,-0.8677493986758942
1016,-0.8581152,-0.8666031590441339
1017,-0.85815835,-0.8631087717665945
1018,-0.858239,-0.8551434502006525
1019,-0.8582944,-0.8622602039423528
1020,-0.858282,-0.7576317233922488
1021,-0.8582527,-0.8715854138167252
1022,-0.8582612,-0.855166325087295
1023,-0.85848165,-0.8577562681997898
1024,-0.8584776,-0.8490549455434643
1025,-0.858304,-0.8669173093488447
1026,-0.85761535,-0.8485028633784308
1027,-0.8574494,-0.8586627077211618
1028,-0.8575785,-0.8337731933064064
1029,-0.8576435,-0.8457947136690434
1030,-0.85792255,-0.8502237075754369
1031,-0.8582047,-0.8487897016014962
1032,-0.85814124,-0.8284074991421653
1033,-0.8581435,-0.8648015438036403
1034,-0.85801315,-0.867008017068513
1035,-0.85795283,-0.8453872610554709
1036,-0.8579076,-0.8641049916815137
1037,-0.85778254,-0.8302934161829293
1038,-0.85771143,-0.864164040232972
1039,-0.8578019,-0.8404505964458802
1040,-0.85797393,-0.8694671689997693
1041,-0.858034,-0.8397683713775335
1042,-0.8581327,-0.8758135704809555
1043,-0.8580073,-0.8323165307659051
1044,-0.85795695,-0.8622388817236437
1045,-0.8579022,-0.8324066107446526
1046,-0.85796595,-0.8818409369193159
1047,-0.85801923,-0.8427928054685117
1048,-0.85812414,-0.8691144267409949
1049,-0.85807174,-0.8354787067293142
1050,-0.8580042,-0.8704299440803533
1051,-0.8579173,-0.6117688465810899
1052,-0.8580135,-0.889964883063219
1053,-0.8580543,-0.8407546094007445
1054,-0.85884094,-0.887148033337743
1055,-0.8584949,-0.8568650575818026
1056,-0.85819155,-0.8819581509292062
1057,-0.85666054,-0.8370913629106957
1058,-0.8562205,-0.8888011877890989
1059,-0.8565835,-0.841024142841646
1060,-0.85697186,-0.8918518480643702
1061,-0.8578799,-0.8511708076120403
1062,-0.8584058,-0.8914943767301846
1063,-0.8582829,-0.8580303469960278
1064,-0.8583216,-0.8840900979420738
1065,-0.85820794,-0.8330865189386724
1066,-0.8582448,-0.8682089305835987
1067,-0.85832125,-0.8513679461758117
1068,-0.85849345,-0.8602503750283443
1069,-0.8585315,-0.8364812020656744
1070,-0.85855377,-0.871414936370909
1071,-0.8583586,-0.8369749677468681
1072,-0.8582778,-0.8727894338852933
1073,-0.85820615,-0.8506801001298995
1074,-0.85810643,-0.8791144133761963
1075,-0.85800314,-0.8320556169193409
1076,-0.8580272,-0.8684951186680205
1077,-0.85798,-0.8278833260227525
1078,-0.8580378,-0.8791871750001936
1079,-0.8581254,-0.8482856224208217
1080,-0.8582854,-0.8726372259277839
1081,-0.85816896,-0.8430859033289589
1082,-0.85813075,-0.8741912945158858
1083,-0.85797894,-0.8542578559153722
1084,-0.85799026,-0.8725596818721392
1085,-0.8580369,-0.8528225984073597
1086,-0.85810715,-0.8791555797332999
1087,-0.85812247,-0.8409389927681328
1088,-0.85819376,-0.8629401477499703
1089,-0.85818183,-0.8293264165156456
1090,-0.85823023,-0.8757543310210805
1091,-0.85826755,-0.834703597340393
1092,-0.85839045,-0.8668230826530566
1093,-0.8583048,-0.8450538011255561
1094,-0.85818607,-0.8736650029919637
1095,-0.85800993,-0.8442040146933674
1096,-0.85802555,-0.8689471252052061
1097,-0.85790646,-0.840547539216859
1098,-0.8579882,-0.877221664245917
1099,-0.8580167,-0.8471981398603712
1100,-0.85811627,-0.8767368588578888
1101,-0.85809064,-0.8429772851188192
1102,-0.8581396,-0.8725982198435112
1103,-0.8580481,-0.8422148224817333
1104,-0.8581337,-0.8666809837259162
1105,-0.8581207,-0.8384409816787303
1106,-0.85820043,-0.8710813963294873
1107,-0.8582066,-0.8362470461243808
1108,-0.85821486,-0.8789327677588074
1109,-0.85816264,-0.8409133281177497
1110,-0.85817397,-0.8727274724899601
1111,-0.8580258,-0.8419702148616718
1112,-0.85805804,-0.875675972594427
1113,-0.8580166,-0.8473883948490809
1114,-0.85810924,-0.8701894139884243
1115,-0.8580667,-0.8470214172536319
1116,-0.85813284,-0.7847179930602923
1117,-0.85809815,-0.8472546507902874
1118,-0.85814404,-0.8768833058951302
1119,-0.8583487,-0.850992469940957
1120,-0.8584054,-0.8733830053221486
1121,-0.85821986,-0.8553194463772429
1122,-0.8576245,-0.8644767950759463
1123,-0.8574103,-0.8401379731784765
1124,-0.857633,-0.8738594697680786
1125,-0.8577181,-0.8560833526587692
1126,-0.8580552,-0.8372909734108536
1127,-0.85826266,-0.854899909127236
1128,-0.85822445,-0.8658383718584827
1129,-0.8581947,-0.8389215225690514
1130,-0.85823214,-0.8751967347256345
1131,-0.85817194,-0.8527854301066018
1132,-0.8580191,-0.8734382412486628
1133,-0.8580115,-0.8340606293625953
1134,-0.85802126,-0.8741953149670385
1135,-0.85790443,-0.8399330584451801
1136,-0.85807276,-0.8659783427981367
1137,-0.85815156,-0.8339094398431269
1138,-0.8582459,-0.8732845351561572
1139,-0.8581617,-0.8415762220730032
1140,-0.85819745,-0.8747155050904625
1141,-0.85813856,-0.8491467394001225
1142,-0.8580611,-0.8783754395579124
1143,-0.85797095,-0.8452467797037807
1144,-0.85799026,-0.8849357809826957
1145,-0.85800207,-0.8586744553039769
1146,-0.8580673,-0.872279512733048
1147,-0.85811377,-0.8537194896406696
1148,-0.85817015,-0.8647083323307413
1149,-0.8582037,-0.8456634394489424
1150,-0.8582777,-0.8793669790262825
1151,-0.8583702,-0.8560222127517741
1152,-0.85838544,-0.8757336840498771
1153,-0.85831714,-0.8551664647571895
1154,-0.8582312,-0.8657374641613989
1155,-0.85812795,-0.8522075854994612
1156,-0.85817534,-0.8663841648936468
1157,-0.8581992,-0.8516149445820126
1158,-0.85830235,-0.8757001171314913
1159,-0.85833824,-0.8758524966862455
1160,-0.8583316,-0.8662103469548397
1161,-0.8582124,-0.8538299992589171
1162,-0.85815525,-0.8819572359008556
1163,-0.8580816,-0.8568584538834707
1164,-0.858181,-0.8454537267750748
1165,-0.85832715,-0.8472240227959942
1166,-0.85836524,-0.8791069296361895
1167,-0.8583776,-0.8493344656294965
1168,-0.8584678,-0.8700035349029358
1169,-0.85833174,-0.8619668677239409
1170,-0.85816896,-0.8666767523079308
1171,-0.85805714,-0.8545805911803195
1172,-0.85810804,-0.8629505123526848
1173,-0.8580606,-0.8444692472584978
1174,-0.8581575,-0.8775394940592202
1175,-0.85830915,-0.863469143120384
1176,-0.8583088,-0.8824072739425513
1177,-0.8582779,-0.8574242390070302
1178,-0.85824,-0.8757090000217962
1179,-0.85807806,-0.8707157569628383
1180,-0.85809076,-0.8687575447214054
1181,-0.85819745,-0.8743577711311545
1182,-0.8583322,-0.8709508159930508
1183,-0.8583893,-0.8769892169617319
1184,-0.8583935,-0.8769577402796089
1185,-0.8584425,-0.8604266771106284
1186,-0.8583939,-0.8586655034445025
1187,-0.8583753,-0.8671687031219641
1188,-0.8584679,-0.8683758653602784
1189,-0.8585609,-0.8643874949380479
1190,-0.85857534,-0.8675854533027523
1191,-0.8585397,-0.8683944001931958
1192,-0.8583899,-0.8609253775510326
1193,-0.85832715,-0.8582538139493227
1194,-0.85826993,-0.8506144701691567
1195,-0.8583075,-0.866668993450325
1196,-0.85835695,-0.8575701426037852
1197,-0.85837245,-0.8547746480961567
1198,-0.8583675,-0.8681348679191148
1199,-0.85826147,-0.8688447549248888
1200,-0.8582147,-0.8754828011724667
1201,-0.858192,-0.8724169862359018
1202,-0.85809505,-0.8630387830954043
1203,-0.85806274,-0.8659241442634926
1204,-0.85811067,-0.8624551232371982
1205,-0.8582294,-0.8590520625250635
1206,-0.8583214,-0.8689964754301704
1207,-0.85844743,-0.8735509986528097
1208,-0.8584721,-0.8660670452689654
1209,-0.85844296,-0.8585787334221742
1210,-0.8583072,-0.8702911687994686
1211,-0.8582394,-0.8610840852048401
1212,-0.8582537,-0.7721060079056952
1213,-0.8583572,-0.8561410770174538
1214,-0.8583523,-0.8574628182509378
1215,-0.8585055,-0.8507172221020708
1216,-0.8586067,-0.8482471665978956
1217,-0.8584026,-0.8613728628567553
1218,-0.8578123,-0.8648403881234732
1219,-0.85758936,-0.8569461012189992
1220,-0.85760915,-0.8722223515912998
1221,-0.85752225,-0.8519815361402542
1222,-0.85775816,-0.8558370580008179
1223,-0.8579682,-0.8559702454410928
1224,-0.8580828,-0.8536539685371369
1225,-0.85812634,-0.8555329935026053
1226,-0.8582813,-0.8552510043628363
1227,-0.8583117,-0.8389730901885142
1228,-0.8581991,-0.8597257727117615
1229,-0.8581842,-0.8481430915296353
1230,-0.85814345,-0.8475659566899565
1231,-0.85805655,-0.8499026982824904
1232,-0.8580979,-0.8566237267125112
1233,-0.85799915,-0.852791765979696
1234,-0.8580047,-0.8526249873797924
1235,-0.8579738,-0.8599909395124237
1236,-0.85792047,-0.8457239891428843
1237,-0.8579236,-0.8649025291060688
1238,-0.8579407,-0.8700751071642037
1239,-0.8579853,-0.8563904328143741
1240,-0.85800505,-0.8628511546601234
1241,-0.85801435,-0.8642745638920251
1242,-0.85798883,-0.8550928831855309
1243,-0.85803634,-0.8568958497848681
1244,-0.85817385,-0.8558956914880987
1245,-0.8581904,-0.8463596730196907
1246,-0.8582475,-0.8592800992012328
1247,-0.8582718,-0.8692598801953441
1248,-0.8582333,-0.8649863832543212
1249,-0.85820025,-0.8655866617773333
1250,-0.8581213,-0.8671613697018048
1251,-0.8580129,-0.8600452773312636
1252,-0.85798204,-0.8705334118981027
1253,-0.8580915,-0.8643690534665167
1254,-0.8581803,-0.8742887265346553
1255,-0.85825837,-0.8619453068525155
1256,-0.8583374,-0.8641114211306865
1257,-0.85830563,-0.8630022246057836
1258,-0.85827625,-0.8807143470361394
1259,-0.8583712,-0.8738327050334842
1260,-0.858382,-0.7720416343740499
1261,-0.85833585,-0.8535210230403116
1262,-0.8582773,-0.8670073211403411
1263,-0.8584238,-0.8535960229787007
1264,-0.85862887,-0.8546948216291737
1265,-0.85857683,-0.8653348838699354
1266,-0.85794187,-0.8549737560668715
1267,-0.857715,-0.8604630144420178
1268,-0.857679,-0.8557003402349198
1269,-0.85768497,-0.8531135074267236
1270,-0.8578915,-0.8577892631053909
1271,-0.8581914,-0.8680562299257026
1272,-0.8581667,-0.8526315292635509
1273,-0.85814345,-0.8492448357495141
1274,-0.85813344,-0.8539765791210471
1275,-0.858103,-0.8514281647210662
1276,-0.8581451,-0.8626756622145461
1277,-0.85817736,-0.8571367778512216
1278,-0.858198,-0.8619418198302482
1279,-0.8581071,-0.8508364703667599
1280,-0.85802984,-0.8595440834934378
1281,-0.8580089,-0.8649711263033173
1282,-0.8580357,-0.8646258125882481
1283,-0.8581073,-0.8714008450131359
1284,-0.8581679,-0.8601084270096238
1285,-0.85811293,-0.8648950903360682
1286,-0.8580907,-0.8766627793341195
1287,-0.8581259,-0.8627852448916973
1288,-0.85821235,-0.8661286597338379
1289,-0.85824746,-0.8585810826832386
1290,-0.858322,-0.8622316437019475
1291,-0.8583008,-0.8704243201768287
1292,-0.85839576,-0.865098518347265
1293,-0.8583697,-0.8545420831235764
1294,-0.85835975,-0.8607471350690212
1295,-0.8583276,-0.8644356498372768
1296,-0.8582973,-0.8680697870703397
1297,-0.8582878,-0.864803092466403
1298,-0.8583076,-0.8667870904327855
1299,-0.8582597,-0.8642305266225572
1300,-0.8582363,-0.8666548530850637
1301,-0.8581892,-0.856536661970889
1302,-0.85822207,-0.869754328174978
1303,-0.85825527,-0.8643828109143192
1304,-0.85835075,-0.8749879751886772
1305,-0.85834,-0.8429632535780296
1306,-0.8583282,-0.8808427070232493
1307,-0.8582479,-0.8704190035986916
1308,-0.8583092,-0.8618980081394187
1309,-0.8583337,-0.8653502971932225
1310,-0.85832644,-0.8769853599162855
1311,-0.85825145,-0.8587594878171396
1312,-0.85830945,-0.8617133341971533
1313,-0.85832727,-0.8563397701252842
1314,-0.8583391,-0.8772842089223478
1315,-0.8583948,-0.8753687759542021
1316,-0.8584415,-0.8707790589096039
1317,-0.8583342,-0.8560311190346281
1318,-0.8582348,-0.8774855978530549
1319,-0.8582119,-0.8725189848838957
1320,-0.85826695,-0.8679689094299383
1321,-0.85840285,-0.8551774475166322
1322,-0.8584101,-0.8699756880354244
1323,-0.85837877,-0.8649072272289049
1324,-0.85843223,-0.866470877711268
1325,-0.8584659,-0.8623647431090385
1326,-0.8584623,-0.8636765980452066
1327,-0.8583549,-0.8584508935174273
1328,-0.8583938,-0.8577950236505595
1329,-0.8583151,-0.857529942776883
1330,-0.8583255,-0.8826919357078111
1331,-0.8583327,-0.799679552263586
1332,-0.85833585,-0.8589463524083426
1333,-0.8582263,-0.8642244677434343
1334,-0.8582784,-0.8842895909036215
1335,-0.85830426,-0.8565696820913148
1336,-0.8583058,-0.8704410100215417
1337,-0.8579172,-0.8622518070815239
1338,-0.8577622,-0.851311416850137
1339,-0.8579172,-0.8570338614203626
1340,-0.8580396,-0.867962264130988
1341,-0.85822606,-0.8615007318654575
1342,-0.8584467,-0.8747152124444859
1343,-0.8584059,-0.8600290432207953
1344,-0.85824454,-0.8683838199021039
1345,-0.8581371,-0.8632131701709449
1346,-0.8581729,-0.8689119160116549
1347,-0.85815036,-0.8593045469232139
1348,-0.8582715,-0.8633970679579277
1349,-0.8583144,-0.8639247434749406
1350,-0.85831964,-0.8750235280986237
1351,-0.8583491,-0.8794614451832026
1352,-0.8583218,-0.8860443984170129
1353,-0.85827065,-0.8820072945946229
1354,-0.8582142,-0.8800029021219427
1355,-0.8581723,-0.8581932389046418
1356,-0.8582158,-0.7980496794763812
1357,-0.85834277,-0.8580177934104116
1358,-0.85857004,-0.8764343732866156
1359,-0.85884655,-0.8481016608848009
1360,-0.8589661,-0.8814169296414942
1361,-0.85868376,-0.8560309062747538
1362,-0.8581073,-0.8687904254510783
1363,-0.8578308,-0.8565547122757818
1364,-0.8578651,-0.877033074172505
1365,-0.8578447,-0.8417550636916806
1366,-0.8581646,-0.8741862017648608
1367,-0.8583238,-0.8570187646113934
1368,-0.8583104,-0.8768252945928112
1369,-0.85830855,-0.8478171032765952
1370,-0.85833395,-0.8853604301779286
1371,-0.8582065,-0.8548831178981074
1372,-0.85822463,-0.881731060236271
1373,-0.85825396,-0.8535592125966165
1374,-0.8582391,-0.8937924915684061
1375,-0.85824406,-0.8585823161327604
1376,-0.8583299,-0.8835263986981701
1377,-0.8583472,-0.8565445219159233
1378,-0.85837054,-0.8804733465311878
1379,-0.8583793,-0.8596391990206644
1380,-0.85844755,-0.8720838502700423
1381,-0.85847807,-0.8428558172220051
1382,-0.8584846,-0.8801376856990056
1383,-0.858491,-0.8494945850477353
1384,-0.8584925,-0.8733658024773842
1385,-0.85847545,-0.8651024981568417
1386,-0.8584266,-0.8780499843272376
1387,-0.85831004,-0.8649084182342524
1388,-0.8582556,-0.8898705918480623
1389,-0.8581916,-0.8522136108147678
1390,-0.8581785,-0.884123602300983
1391,-0.85824347,-0.8552772086647897
1392,-0.8583665,-0.8692754212774139
1393,-0.8584024,-0.8660438726633138
1394,-0.85857004,-0.8660274313603059
1395,-0.85852396,-0.8445742215266518
1396,-0.8585012,-0.875311049480703
1397,-0.8584492,-0.8476045171587732
1398,-0.8584058,-0.8827916770778961
1399,-0.85838145,-0.8550799993850717
1400,-0.85835725,-0.8852076438269451
1401,-0.8582455,-0.8751365034009433
1402,-0.8582155,-0.8757238240979273
1403,-0.85811055,-0.8603179240310989
1404,-0.8581755,-0.8131126211196196
1405,-0.85824335,-0.8559828576957792
1406,-0.8583362,-0.8867754974524489
1407,-0.8585766,-0.8580617922325711
1408,-0.85872245,-0.8840187295005377
1409,-0.85857,-0.8582391772234923
1410,-0.8581221,-0.8787934099141026
1411,-0.8578588,-0.8575180510320797
1412,-0.85797703,-0.8760541546565669
1413,-0.8580338,-0.8497149514294415
1414,-0.85834455,-0.8472157840152724
1415,-0.85846764,-0.8496088028572624
1416,-0.8584869,-0.8700845517147937
1417,-0.8584572,-0.8526107855158003
1418,-0.8584826,-0.8778311434891011
1419,-0.85834235,-0.8647019243210277
1420,-0.8581495,-0.8800975704777656
1421,-0.85802317,-0.8668235572250087
1422,-0.8579998,-0.8630766920115993
1423,-0.858009,-0.8601697664039683
1424,-0.85812485,-0.8741001905577224
1425,-0.8582909,-0.8548464772841233
1426,-0.8584299,-0.8757615069017933
1427,-0.8584832,-0.8677604039734208
1428,-0.8584445,-0.86616737026291
1429,-0.8583759,-0.8571709524972899
1430,-0.8583487,-0.8712749123915688
1431,-0.85826147,-0.8539481153306558
1432,-0.85833114,-0.8762088740681115
1433,-0.85837364,-0.855928504800161
1434,-0.85837144,-0.8859832884508811
1435,-0.85833097,-0.855957774963087
1436,-0.8583587,-0.8742020906584055
1437,-0.8581866,-0.851364642286765
1438,-0.8582473,-0.8793017213553216
1439,-0.8582885,-0.8532285016460881
1440,-0.858374,-0.8769467866118515
1441,-0.85840374,-0.8531911579144733
1442,-0.85839015,-0.8782576523334686
1443,-0.8583315,-0.8495931914363644
1444,-0.8583358,-0.8689169278611757
1445,-0.8583125,-0.8556312562022423
1446,-0.85830283,-0.880468868031799
1447,-0.85834014,-0.8645593736788098
1448,-0.8583369,-0.8734289528012761
1449,-0.85824287,-0.8474797923677866
1450,-0.8581948,-0.8669683066751628
1451,-0.858207,-0.8509890194548577
1452,-0.85829306,-0.8539316420480152
1453,-0.8583784,-0.8685543017655268
1454,-0.8584751,-0.8800992112745305
1455,-0.8584068,-0.849986837100621
1456,-0.85830575,-0.8808451244258726
1457,-0.8581351,-0.8524753947250578
1458,-0.85803246,-0.8674038481170041
1459,-0.8581289,-0.8509201975487697
1460,-0.858281,-0.8748665080301667
1461,-0.85826135,-0.8509727301622594
1462,-0.8583716,-0.8712854680059925
1463,-0.85838044,-0.857726306864126
1464,-0.8583178,-0.8730760466603906
1465,-0.85820097,-0.8438190561410706
1466,-0.85821486,-0.8791510298569577
1467,-0.8581989,-0.8373092331186178
1468,-0.85825455,-0.8612599332875996
1469,-0.85823566,-0.8614804312009499
1470,-0.8583125,-0.853030017911628
1471,-0.8582679,-0.8600380696439417
1472,-0.85831356,-0.8602519399780677
1473,-0.85818577,-0.8683261134166578
1474,-0.8580948,-0.8688049862766551
1475,-0.8581447,-0.8596054133432534
1476,-0.8581158,-0.8527747336393119
1477,-0.85803413,-0.8596489575725956
1478,-0.8581179,-0.8588464968488082
1479,-0.8582047,-0.8649540853446005
1480,-0.85832226,-0.8615538402393921
1481,-0.858317,-0.855143644100872
1482,-0.85821503,-0.862106840787878
1483,-0.85818934,-0.8494933371707152
1484,-0.85819185,-0.8582126328078569
1485,-0.85813546,-0.8552287030263618
1486,-0.8582183,-0.863711749192843
1487,-0.8582066,-0.8542628790893678
1488,-0.8582425,-0.8508766814850519
1489,-0.85812724,-0.8459789961984308
1490,-0.8580978,-0.8620245341094857
1491,-0.8580937,-0.8547479285312447
1492,-0.85813195,-0.8578847699382169
1493,-0.8581803,-0.8566807042414843
1494,-0.8581202,-0.8544377090597467
1495,-0.8580034,-0.8543175981141219
1496,-0.8580533,-0.8697532988933827
1497,-0.8580462,-0.8474455835577581
1498,-0.85807997,-0.8707606346611922
1499,-0.8580601,-0.857139508108701
1500,-0.85808164,-0.7776896582649533
1501,-0.85807264,-0.8648437440007675
1502,-0.8580845,-0.8562524663038413
1503,-0.85823107,-0.8504668894350096
1504,-0.85837847,-0.8567743442494382
1505,-0.85827416,-0.8603288524486346
1506,-0.8577194,-0.8623329322917155
1507,-0.8576063,-0.8555862029823738
1508,-0.85769033,-0.8606298219549793
1509,-0.8576246,-0.8561638215918534
1510,-0.85792524,-0.8567155455281704
1511,-0.858076,-0.8550702313349015
1512,-0.8581271,-0.8506083335198129
1513,-0.85819304,-0.8539259727273389
1514,-0.8581817,-0.8562514940603027
1515,-0.8581888,-0.8545842304129874
1516,-0.85814124,-0.8628155155190615
1517,-0.8581173,-0.8582933167290197
1518,-0.858086,-0.8467934979072477
1519,-0.85802364,-0.8391580670056636
1520,-0.85799927,-0.8549353904063981
1521,-0.85801196,-0.8732776648818539
1522,-0.85815823,-0.84712698418405
1523,-0.8581841,-0.8702636038574708
1524,-0.85809374,-0.8350646997866383
1525,-0.8579377,-0.8693200406001437
1526,-0.8579104,-0.8333263080350658
1527,-0.8580593,-0.8697338483197654
1528,-0.85807246,-0.8430373995962864
1529,-0.85821366,-0.8826221257208086
1530,-0.8581638,-0.8360337916183023
1531,-0.85812,-0.867611102431349
1532,-0.8579459,-0.8385958329323635
1533,-0.8579959,-0.8637047326601279
1534,-0.85802263,-0.8383818807926326
1535,-0.8581547,-0.8739649370776177
1536,-0.85815597,-0.8322897368665794
1537,-0.85813826,-0.8716790157880929
1538,-0.8580715,-0.8380958896268643
1539,-0.8580441,-0.8660477381000167
1540,-0.8579923,-0.8295568612769271
1541,-0.85802007,-0.8680664127801265
1542,-0.8579912,-0.8343905101892514
1543,-0.8580847,-0.8792393956986317
1544,-0.85802734,-0.8453098667415866
1545,-0.8580394,-0.8736593263140585
1546,-0.85793775,-0.8375054045582805
1547,-0.85791963,-0.8765435179129911
1548,-0.85784763,-0.7472429330640337
1549,-0.8580103,-0.8643745356170038
1550,-0.85805506,-0.8381043177428514
1551,-0.8583015,-0.8686750879927903
1552,-0.85838187,-0.8404567192247878
1553,-0.85827255,-0.8836857688368783
1554,-0.85756826,-0.8172386304935592
1555,-0.8573321,-0.8624260254385121
1556,-0.8573761,-0.8246057938039192
1557,-0.8575002,-0.8543945544533562
1558,-0.8578311,-0.8377398943978888
1559,-0.8581959,-0.8678649985389292
1560,-0.8580936,-0.8336901297372852
1561,-0.8580198,-0.8601275519933783
1562,-0.8578652,-0.8380348856748845
1563,-0.8577392,-0.86888410962302
1564,-0.8577628,-0.8320468160671282
1565,-0.8578774,-0.8720605015011522
1566,-0.8578377,-0.8362242187646433
1567,-0.8579254,-0.8786345237662567
1568,-0.85792315,-0.8292972751744397
1569,-0.857975,-0.8664889859710476
1570,-0.8579067,-0.8347183755863522
1571,-0.8580286,-0.8698109809540313
1572,-0.85803854,-0.837659306624686
1573,-0.85811925,-0.8755492837002956
1574,-0.8580083,-0.8389251214809169
1575,-0.85801584,-0.8760983828068798
1576,-0.85795414,-0.8351313144923325
1577,-0.8579804,-0.8782726781173942
1578,-0.85796994,-0.8458584289831441
1579,-0.85805744,-0.8754608750602642
1580,-0.8580534,-0.8350440789556877
1581,-0.8581214,-0.8676779878605283
1582,-0.8580581,-0.837047952866816
1583,-0.85816693,-0.8841588429123566
1584,-0.8581929,-0.8327726261251904
1585,-0.85819936,-0.8696126094910432
1586,-0.85812044,-0.8378693113661083
1587,-0.8580642,-0.8764458867920811
1588,-0.8580312,-0.8382124436599218
1589,-0.8581513,-0.8780639940586521
1590,-0.85806394,-0.8274152186952676
1591,-0.8580924,-0.8758013947566098
1592,-0.85805345,-0.8481861925833131
1593,-0.85806936,-0.8696563041982953
1594,-0.8581079,-0.8255549586622918
1595,-0.8581271,-0.8864384185490802
1596,-0.85803455,-0.8229422886927505
1597,-0.85806483,-0.8706625189885251
1598,-0.85806143,-0.8496047287424633
1599,-0.85812116,-0.865863167811887
1600,-0.8581214,-0.8444846023711472
